,Device id,Device name,Device code,Date (America/Chicago),Temperature shock - color,Temperature (°C) - data,ReHS - color,ReHS - data
1200,1085,Maschhoff_TPLJ_RM2_C,MO201301-4TG24WHN,2021-05-15,yellow,20.5,green,99.0
1201,1085,Maschhoff_TPLJ_RM2_C,MO201301-4TG24WHN,2021-05-16,green,20.0,green,99.0
1202,1085,Maschhoff_TPLJ_RM2_C,MO201301-4TG24WHN,2021-05-17,green,20.0,green,99.0
1203,1085,Maschhoff_TPLJ_RM2_C,MO201301-4TG24WHN,2021-05-18,green,20.0,green,99.0
1204,1085,Maschhoff_TPLJ_RM2_C,MO201301-4TG24WHN,2021-05-19,green,21.5,green,97.0
1205,1085,Maschhoff_TPLJ_RM2_C,MO201301-4TG24WHN,2021-05-20,green,21.5,green,97.0
1206,1085,Maschhoff_TPLJ_RM2_C,MO201301-4TG24WHN,2021-05-21,yellow,23.5,green,99.0
1207,1085,Maschhoff_TPLJ_RM2_C,MO201301-4TG24WHN,2021-05-22,yellow,24.0,green,98.0
1208,1085,Maschhoff_TPLJ_RM2_C,MO201301-4TG24WHN,2021-05-23,yellow,24.5,green,97.0
1209,1085,Maschhoff_TPLJ_RM2_C,MO201301-4TG24WHN,2021-05-24,yellow,25.0,green,99.0
1210,1085,Maschhoff_TPLJ_RM2_C,MO201301-4TG24WHN,2021-05-25,red,24.5,green,99.0
1211,1085,Maschhoff_TPLJ_RM2_C,MO201301-4TG24WHN,2021-05-26,yellow,21.5,green,99.0
1212,1085,Maschhoff_TPLJ_RM2_C,MO201301-4TG24WHN,2021-05-27,green,19.0,green,99.0
1213,1085,Maschhoff_TPLJ_RM2_C,MO201301-4TG24WHN,2021-05-28,green,17.0,green,96.0
1214,1085,Maschhoff_TPLJ_RM2_C,MO201301-4TG24WHN,2021-05-29,green,18.0,green,93.0
1215,1085,Maschhoff_TPLJ_RM2_C,MO201301-4TG24WHN,2021-05-30,green,19.0,green,93.0
1216,1085,Maschhoff_TPLJ_RM2_C,MO201301-4TG24WHN,2021-05-31,red,20.0,green,96.0
1217,1085,Maschhoff_TPLJ_RM2_C,MO201301-4TG24WHN,2021-06-01,yellow,22.0,green,99.0
1218,1085,Maschhoff_TPLJ_RM2_C,MO201301-4TG24WHN,2021-06-02,red,22.5,green,98.0
1219,1085,Maschhoff_TPLJ_RM2_C,MO201301-4TG24WHN,2021-06-03,yellow,24.5,green,99.0
1220,1085,Maschhoff_TPLJ_RM2_C,MO201301-4TG24WHN,2021-06-04,yellow,27.5,green,99.0
1221,1085,Maschhoff_TPLJ_RM2_C,MO201301-4TG24WHN,2021-06-05,yellow,28.0,green,99.0
1222,1085,Maschhoff_TPLJ_RM2_C,MO201301-4TG24WHN,2021-06-06,green,26.0,green,96.0
1223,1085,Maschhoff_TPLJ_RM2_C,MO201301-4TG24WHN,2021-06-07,yellow,27.0,green,96.0
1224,1085,Maschhoff_TPLJ_RM2_C,MO201301-4TG24WHN,2021-06-08,red,27.0,green,99.0
1225,1085,Maschhoff_TPLJ_RM2_C,MO201301-4TG24WHN,2021-06-09,red,27.5,green,99.0
1226,1085,Maschhoff_TPLJ_RM2_C,MO201301-4TG24WHN,2021-06-10,yellow,29.0,green,98.0
1227,1085,Maschhoff_TPLJ_RM2_C,MO201301-4TG24WHN,2021-06-11,red,25.5,green,99.0
1228,1085,Maschhoff_TPLJ_RM2_C,MO201301-4TG24WHN,2021-06-12,red,24.0,green,98.0
1229,1085,Maschhoff_TPLJ_RM2_C,MO201301-4TG24WHN,2021-06-13,red,26.0,green,99.0
1230,1085,Maschhoff_TPLJ_RM2_C,MO201301-4TG24WHN,2021-06-14,red,24.0,green,99.0
1231,1085,Maschhoff_TPLJ_RM2_C,MO201301-4TG24WHN,2021-06-15,red,25.0,green,99.0
1232,1085,Maschhoff_TPLJ_RM2_C,MO201301-4TG24WHN,2021-06-16,red,26.5,green,99.0
1233,1085,Maschhoff_TPLJ_RM2_C,MO201301-4TG24WHN,2021-06-17,red,31.0,green,99.0
1234,1085,Maschhoff_TPLJ_RM2_C,MO201301-4TG24WHN,2021-06-18,red,25.5,green,99.0
1235,1085,Maschhoff_TPLJ_RM2_C,MO201301-4TG24WHN,2021-06-19,yellow,23.5,green,99.0
1236,1085,Maschhoff_TPLJ_RM2_C,MO201301-4TG24WHN,2021-06-20,red,23.5,green,99.0
1237,1085,Maschhoff_TPLJ_RM2_C,MO201301-4TG24WHN,2021-06-21,yellow,19.0,green,99.0
1238,1085,Maschhoff_TPLJ_RM2_C,MO201301-4TG24WHN,2021-06-22,red,21.0,green,99.0
1239,1085,Maschhoff_TPLJ_RM2_C,MO201301-4TG24WHN,2021-06-23,yellow,25.5,green,98.0
1240,1085,Maschhoff_TPLJ_RM2_C,MO201301-4TG24WHN,2021-06-24,green,25.0,green,99.0
1241,1085,Maschhoff_TPLJ_RM2_C,MO201301-4TG24WHN,2021-06-25,green,22.5,green,99.0
1242,1085,Maschhoff_TPLJ_RM2_C,MO201301-4TG24WHN,2021-06-26,green,20.5,green,99.0
1243,1085,Maschhoff_TPLJ_RM2_C,MO201301-4TG24WHN,2021-06-27,yellow,22.5,green,98.0
1244,1085,Maschhoff_TPLJ_RM2_C,MO201301-4TG24WHN,2021-06-28,yellow,23.5,green,99.0
1245,1085,Maschhoff_TPLJ_RM2_C,MO201301-4TG24WHN,2021-06-29,yellow,24.0,green,96.0
1246,1085,Maschhoff_TPLJ_RM2_C,MO201301-4TG24WHN,2021-06-30,red,24.0,green,99.0
1247,1085,Maschhoff_TPLJ_RM2_C,MO201301-4TG24WHN,2021-07-01,red,23.5,green,99.0
1248,1085,Maschhoff_TPLJ_RM2_C,MO201301-4TG24WHN,2021-07-02,red,24.0,green,99.0
1249,1085,Maschhoff_TPLJ_RM2_C,MO201301-4TG24WHN,2021-07-03,yellow,24.5,green,99.0
1250,1085,Maschhoff_TPLJ_RM2_C,MO201301-4TG24WHN,2021-07-04,yellow,26.5,green,99.0
1251,1085,Maschhoff_TPLJ_RM2_C,MO201301-4TG24WHN,2021-07-05,yellow,27.5,green,99.0
1252,1085,Maschhoff_TPLJ_RM2_C,MO201301-4TG24WHN,2021-07-06,yellow,27.0,green,99.0
1253,1085,Maschhoff_TPLJ_RM2_C,MO201301-4TG24WHN,2021-07-07,green,21.0,green,99.0
1254,1085,Maschhoff_TPLJ_RM2_C,MO201301-4TG24WHN,2021-07-08,green,20.0,green,98.0
1255,1085,Maschhoff_TPLJ_RM2_C,MO201301-4TG24WHN,2021-07-09,yellow,23.5,green,95.0
1256,1085,Maschhoff_TPLJ_RM2_C,MO201301-4TG24WHN,2021-07-10,green,20.5,green,99.0
1257,1085,Maschhoff_TPLJ_RM2_C,MO201301-4TG24WHN,2021-07-11,yellow,21.5,green,99.0
1258,1085,Maschhoff_TPLJ_RM2_C,MO201301-4TG24WHN,2021-07-12,yellow,22.0,green,99.0
1259,1085,Maschhoff_TPLJ_RM2_C,MO201301-4TG24WHN,2021-07-13,yellow,23.0,green,99.0
1260,1085,Maschhoff_TPLJ_RM2_C,MO201301-4TG24WHN,2021-07-14,green,23.0,green,99.0
1261,1085,Maschhoff_TPLJ_RM2_C,MO201301-4TG24WHN,2021-07-15,yellow,22.0,green,99.0
1262,1085,Maschhoff_TPLJ_RM2_C,MO201301-4TG24WHN,2021-07-16,yellow,22.0,green,99.0
1263,1085,Maschhoff_TPLJ_RM2_C,MO201301-4TG24WHN,2021-07-17,yellow,23.0,green,99.0
1264,1085,Maschhoff_TPLJ_RM2_C,MO201301-4TG24WHN,2021-07-18,red,23.0,green,99.0
1265,1085,Maschhoff_TPLJ_RM2_C,MO201301-4TG24WHN,2021-07-19,red,23.0,green,99.0
1266,1085,Maschhoff_TPLJ_RM2_C,MO201301-4TG24WHN,2021-07-20,red,23.5,green,98.0
1267,1085,Maschhoff_TPLJ_RM2_C,MO201301-4TG24WHN,2021-07-21,yellow,24.0,green,99.0
1268,1085,Maschhoff_TPLJ_RM2_C,MO201301-4TG24WHN,2021-07-22,yellow,25.0,green,99.0
1269,1085,Maschhoff_TPLJ_RM2_C,MO201301-4TG24WHN,2021-07-23,yellow,27.0,green,99.0
1270,1085,Maschhoff_TPLJ_RM2_C,MO201301-4TG24WHN,2021-07-24,red,27.0,green,99.0
1271,1085,Maschhoff_TPLJ_RM2_C,MO201301-4TG24WHN,2021-07-25,red,24.5,green,97.0
1272,1085,Maschhoff_TPLJ_RM2_C,MO201301-4TG24WHN,2021-07-26,red,25.0,green,99.0
1273,1085,Maschhoff_TPLJ_RM2_C,MO201301-4TG24WHN,2021-07-27,yellow,27.0,green,99.0
1274,1085,Maschhoff_TPLJ_RM2_C,MO201301-4TG24WHN,2021-07-28,green,29.0,green,98.0
1275,1085,Maschhoff_TPLJ_RM2_C,MO201301-4TG24WHN,2021-07-29,yellow,27.0,green,99.0
1276,1085,Maschhoff_TPLJ_RM2_C,MO201301-4TG24WHN,2021-07-30,green,22.0,green,99.0
1277,1085,Maschhoff_TPLJ_RM2_C,MO201301-4TG24WHN,2021-07-31,yellow,23.0,green,99.0
1278,1085,Maschhoff_TPLJ_RM2_C,MO201301-4TG24WHN,2021-08-01,green,19.5,blue,
1279,1085,Maschhoff_TPLJ_RM2_C,MO201301-4TG24WHN,2021-08-02,green,,blue,
1280,1085,Maschhoff_TPLJ_RM2_C,MO201301-4TG24WHN,2021-08-03,green,,blue,
1281,1085,Maschhoff_TPLJ_RM2_C,MO201301-4TG24WHN,2021-08-04,green,,blue,
1282,1085,Maschhoff_TPLJ_RM2_C,MO201301-4TG24WHN,2021-08-05,green,,blue,
1283,1085,Maschhoff_TPLJ_RM2_C,MO201301-4TG24WHN,2021-08-06,green,,blue,
1284,1085,Maschhoff_TPLJ_RM2_C,MO201301-4TG24WHN,2021-08-07,green,,blue,
1285,1085,Maschhoff_TPLJ_RM2_C,MO201301-4TG24WHN,2021-08-08,green,,blue,
1286,1085,Maschhoff_TPLJ_RM2_C,MO201301-4TG24WHN,2021-08-09,green,,blue,
1287,1085,Maschhoff_TPLJ_RM2_C,MO201301-4TG24WHN,2021-08-10,green,,blue,
1288,1085,Maschhoff_TPLJ_RM2_C,MO201301-4TG24WHN,2021-08-11,green,,blue,
1289,1085,Maschhoff_TPLJ_RM2_C,MO201301-4TG24WHN,2021-08-12,green,,blue,
1290,1085,Maschhoff_TPLJ_RM2_C,MO201301-4TG24WHN,2021-08-13,green,,blue,
1291,1085,Maschhoff_TPLJ_RM2_C,MO201301-4TG24WHN,2021-08-14,green,,blue,
1292,1085,Maschhoff_TPLJ_RM2_C,MO201301-4TG24WHN,2021-08-15,green,,blue,
1293,1085,Maschhoff_TPLJ_RM2_C,MO201301-4TG24WHN,2021-08-16,green,,blue,
1294,1085,Maschhoff_TPLJ_RM2_C,MO201301-4TG24WHN,2021-08-17,green,,blue,
1295,1085,Maschhoff_TPLJ_RM2_C,MO201301-4TG24WHN,2021-08-18,green,,blue,
1296,1085,Maschhoff_TPLJ_RM2_C,MO201301-4TG24WHN,2021-08-19,green,,blue,
1297,1085,Maschhoff_TPLJ_RM2_C,MO201301-4TG24WHN,2021-08-20,green,,blue,
1298,1085,Maschhoff_TPLJ_RM2_C,MO201301-4TG24WHN,2021-08-21,green,,blue,
1299,1085,Maschhoff_TPLJ_RM2_C,MO201301-4TG24WHN,2021-08-22,green,,blue,
1300,1085,Maschhoff_TPLJ_RM2_C,MO201301-4TG24WHN,2021-08-23,green,,blue,
1301,1085,Maschhoff_TPLJ_RM2_C,MO201301-4TG24WHN,2021-08-24,green,,blue,
1302,1085,Maschhoff_TPLJ_RM2_C,MO201301-4TG24WHN,2021-08-25,green,,blue,
1303,1085,Maschhoff_TPLJ_RM2_C,MO201301-4TG24WHN,2021-08-26,green,,blue,
1304,1085,Maschhoff_TPLJ_RM2_C,MO201301-4TG24WHN,2021-08-27,green,,blue,
1305,1085,Maschhoff_TPLJ_RM2_C,MO201301-4TG24WHN,2021-08-28,green,,blue,
1306,1085,Maschhoff_TPLJ_RM2_C,MO201301-4TG24WHN,2021-08-29,green,,blue,
1307,1085,Maschhoff_TPLJ_RM2_C,MO201301-4TG24WHN,2021-08-30,green,27.5,blue,
1308,1085,Maschhoff_TPLJ_RM2_C,MO201301-4TG24WHN,2021-08-31,green,25.5,green,96.0
1309,1085,Maschhoff_TPLJ_RM2_C,MO201301-4TG24WHN,2021-09-01,green,26.5,green,97.0
1310,1085,Maschhoff_TPLJ_RM2_C,MO201301-4TG24WHN,2021-09-02,green,25.5,green,96.0
1311,1085,Maschhoff_TPLJ_RM2_C,MO201301-4TG24WHN,2021-09-03,green,25.5,green,98.0
1312,1085,Maschhoff_TPLJ_RM2_C,MO201301-4TG24WHN,2021-09-04,green,25.5,green,97.0
1313,1085,Maschhoff_TPLJ_RM2_C,MO201301-4TG24WHN,2021-09-05,green,26.0,green,97.0
1314,1085,Maschhoff_TPLJ_RM2_C,MO201301-4TG24WHN,2021-09-06,green,27.0,green,97.0
1315,1085,Maschhoff_TPLJ_RM2_C,MO201301-4TG24WHN,2021-09-07,green,26.5,green,96.0
1316,1085,Maschhoff_TPLJ_RM2_C,MO201301-4TG24WHN,2021-09-08,green,25.0,green,90.0
1317,1085,Maschhoff_TPLJ_RM2_C,MO201301-4TG24WHN,2021-09-09,green,25.0,green,84.0
1318,1085,Maschhoff_TPLJ_RM2_C,MO201301-4TG24WHN,2021-09-10,green,26.0,green,75.0
1319,1085,Maschhoff_TPLJ_RM2_C,MO201301-4TG24WHN,2021-09-11,green,27.5,green,81.0
1320,1085,Maschhoff_TPLJ_RM2_C,MO201301-4TG24WHN,2021-09-12,green,26.0,green,88.0
1321,1085,Maschhoff_TPLJ_RM2_C,MO201301-4TG24WHN,2021-09-13,green,26.0,green,85.0
1322,1085,Maschhoff_TPLJ_RM2_C,MO201301-4TG24WHN,2021-09-14,green,25.0,green,82.0
1323,1085,Maschhoff_TPLJ_RM2_C,MO201301-4TG24WHN,2021-09-15,green,25.5,green,80.0
1324,1085,Maschhoff_TPLJ_RM2_C,MO201301-4TG24WHN,2021-09-16,green,27.5,green,84.0
1325,1085,Maschhoff_TPLJ_RM2_C,MO201301-4TG24WHN,2021-09-17,green,25.5,green,83.0
1326,1085,Maschhoff_TPLJ_RM2_C,MO201301-4TG24WHN,2021-09-18,green,26.0,green,74.0
1327,1085,Maschhoff_TPLJ_RM2_C,MO201301-4TG24WHN,2021-09-19,green,28.0,green,84.0
1328,1085,Maschhoff_TPLJ_RM2_C,MO201301-4TG24WHN,2021-09-20,green,25.5,green,77.0
1329,1085,Maschhoff_TPLJ_RM2_C,MO201301-4TG24WHN,2021-09-21,green,23.0,green,66.0
1330,1085,Maschhoff_TPLJ_RM2_C,MO201301-4TG24WHN,2021-09-22,green,22.5,yellow,48.0
1331,1085,Maschhoff_TPLJ_RM2_C,MO201301-4TG24WHN,2021-09-23,green,23.5,yellow,53.0
1332,1085,Maschhoff_TPLJ_RM2_C,MO201301-4TG24WHN,2021-09-24,green,23.0,yellow,55.0
1333,1085,Maschhoff_TPLJ_RM2_C,MO201301-4TG24WHN,2021-09-25,green,23.0,yellow,55.0
1334,1085,Maschhoff_TPLJ_RM2_C,MO201301-4TG24WHN,2021-09-26,yellow,25.0,yellow,51.0
1335,1085,Maschhoff_TPLJ_RM2_C,MO201301-4TG24WHN,2021-09-27,yellow,25.0,green,63.0
1336,1085,Maschhoff_TPLJ_RM2_C,MO201301-4TG24WHN,2021-09-28,yellow,26.0,yellow,55.0
1337,1085,Maschhoff_TPLJ_RM2_C,MO201301-4TG24WHN,2021-09-29,green,26.0,green,69.0
1338,1085,Maschhoff_TPLJ_RM2_C,MO201301-4TG24WHN,2021-09-30,green,26.0,green,70.0
1339,1085,Maschhoff_TPLJ_RM2_C,MO201301-4TG24WHN,2021-10-01,green,26.0,green,64.0
1340,1085,Maschhoff_TPLJ_RM2_C,MO201301-4TG24WHN,2021-10-02,green,24.5,yellow,51.0
1341,1085,Maschhoff_TPLJ_RM2_C,MO201301-4TG24WHN,2021-10-03,green,24.0,red,32.0
1342,1085,Maschhoff_TPLJ_RM2_C,MO201301-4TG24WHN,2021-10-04,yellow,22.5,red,33.0
1343,1085,Maschhoff_TPLJ_RM2_C,MO201301-4TG24WHN,2021-10-05,green,22.5,red,32.0
1344,1085,Maschhoff_TPLJ_RM2_C,MO201301-4TG24WHN,2021-10-06,green,22.5,red,32.0
1345,1085,Maschhoff_TPLJ_RM2_C,MO201301-4TG24WHN,2021-10-07,green,23.5,yellow,53.0
1346,1085,Maschhoff_TPLJ_RM2_C,MO201301-4TG24WHN,2021-10-08,green,24.0,yellow,53.0
1347,1085,Maschhoff_TPLJ_RM2_C,MO201301-4TG24WHN,2021-10-09,green,24.0,yellow,56.0
1348,1085,Maschhoff_TPLJ_RM2_C,MO201301-4TG24WHN,2021-10-10,green,22.5,yellow,52.0
1349,1085,Maschhoff_TPLJ_RM2_C,MO201301-4TG24WHN,2021-10-11,green,21.5,yellow,57.0
1350,1085,Maschhoff_TPLJ_RM2_C,MO201301-4TG24WHN,2021-10-12,green,21.5,yellow,53.0
1351,1085,Maschhoff_TPLJ_RM2_C,MO201301-4TG24WHN,2021-10-13,green,23.0,green,72.0
1352,1085,Maschhoff_TPLJ_RM2_C,MO201301-4TG24WHN,2021-10-14,green,20.5,green,74.0
1353,1085,Maschhoff_TPLJ_RM2_C,MO201301-4TG24WHN,2021-10-15,green,20.5,green,80.0
1354,1085,Maschhoff_TPLJ_RM2_C,MO201301-4TG24WHN,2021-10-16,green,20.0,green,77.0
1355,1085,Maschhoff_TPLJ_RM2_C,MO201301-4TG24WHN,2021-10-17,green,21.0,green,75.0
1356,1085,Maschhoff_TPLJ_RM2_C,MO201301-4TG24WHN,2021-10-18,green,22.0,green,80.0
1357,1085,Maschhoff_TPLJ_RM2_C,MO201301-4TG24WHN,2021-10-19,yellow,22.5,green,88.0
1358,1085,Maschhoff_TPLJ_RM2_C,MO201301-4TG24WHN,2021-10-20,green,21.0,green,89.0
1359,1085,Maschhoff_TPLJ_RM2_C,MO201301-4TG24WHN,2021-10-21,green,19.0,green,84.0
1360,1085,Maschhoff_TPLJ_RM2_C,MO201301-4TG24WHN,2021-10-22,green,18.5,green,72.0
1361,1085,Maschhoff_TPLJ_RM2_C,MO201301-4TG24WHN,2021-10-23,green,19.0,yellow,54.0
1362,1085,Maschhoff_TPLJ_RM2_C,MO201301-4TG24WHN,2021-10-24,green,19.0,green,68.0
1363,1085,Maschhoff_TPLJ_RM2_C,MO201301-4TG24WHN,2021-10-25,green,19.5,green,68.0
1364,1085,Maschhoff_TPLJ_RM2_C,MO201301-4TG24WHN,2021-10-26,green,20.0,green,70.0
1365,1085,Maschhoff_TPLJ_RM2_C,MO201301-4TG24WHN,2021-10-27,green,20.0,green,74.0
1366,1085,Maschhoff_TPLJ_RM2_C,MO201301-4TG24WHN,2021-10-28,green,20.0,green,74.0
1367,1085,Maschhoff_TPLJ_RM2_C,MO201301-4TG24WHN,2021-10-29,green,20.5,green,76.0
1368,1085,Maschhoff_TPLJ_RM2_C,MO201301-4TG24WHN,2021-10-30,green,22.0,green,75.0
1369,1085,Maschhoff_TPLJ_RM2_C,MO201301-4TG24WHN,2021-10-31,green,21.5,green,65.0
1370,1085,Maschhoff_TPLJ_RM2_C,MO201301-4TG24WHN,2021-11-01,green,21.0,red,28.0
1371,1085,Maschhoff_TPLJ_RM2_C,MO201301-4TG24WHN,2021-11-02,green,20.0,red,24.0
1372,1085,Maschhoff_TPLJ_RM2_C,MO201301-4TG24WHN,2021-11-03,green,20.0,red,18.0
1373,1085,Maschhoff_TPLJ_RM2_C,MO201301-4TG24WHN,2021-11-04,green,20.5,red,19.0
1374,1085,Maschhoff_TPLJ_RM2_C,MO201301-4TG24WHN,2021-11-05,green,21.0,red,34.0
1375,1085,Maschhoff_TPLJ_RM2_C,MO201301-4TG24WHN,2021-11-06,green,20.5,red,29.0
1376,1085,Maschhoff_TPLJ_RM2_C,MO201301-4TG24WHN,2021-11-07,green,20.5,yellow,53.0
1377,1085,Maschhoff_TPLJ_RM2_C,MO201301-4TG24WHN,2021-11-08,green,20.0,green,71.0
1378,1085,Maschhoff_TPLJ_RM2_C,MO201301-4TG24WHN,2021-11-09,green,19.5,green,76.0
1379,1085,Maschhoff_TPLJ_RM2_C,MO201301-4TG24WHN,2021-11-10,green,19.0,green,79.0
1380,1085,Maschhoff_TPLJ_RM2_C,MO201301-4TG24WHN,2021-11-11,green,18.5,green,79.0
1381,1085,Maschhoff_TPLJ_RM2_C,MO201301-4TG24WHN,2021-11-12,green,19.0,green,84.0
1382,1085,Maschhoff_TPLJ_RM2_C,MO201301-4TG24WHN,2021-11-13,green,19.0,green,
1383,1085,Maschhoff_TPLJ_RM2_C,MO201301-4TG24WHN,2021-11-13,green,18.5,green,82.0
1384,1085,Maschhoff_TPLJ_RM2_C,MO201301-4TG24WHN,2021-11-14,green,18.0,green,84.0
1385,1085,Maschhoff_TPLJ_RM2_C,MO201301-4TG24WHN,2021-11-15,green,18.5,green,86.0
1386,1085,Maschhoff_TPLJ_RM2_C,MO201301-4TG24WHN,2021-11-16,yellow,19.0,green,87.0
1387,1085,Maschhoff_TPLJ_RM2_C,MO201301-4TG24WHN,2021-11-17,green,18.0,green,86.0
1388,1085,Maschhoff_TPLJ_RM2_C,MO201301-4TG24WHN,2021-11-18,green,18.0,green,88.0
1389,1085,Maschhoff_TPLJ_RM2_C,MO201301-4TG24WHN,2021-11-19,green,18.0,green,87.0
1390,1085,Maschhoff_TPLJ_RM2_C,MO201301-4TG24WHN,2021-11-20,green,18.5,green,87.0
1391,1085,Maschhoff_TPLJ_RM2_C,MO201301-4TG24WHN,2021-11-21,green,17.5,green,78.0
1392,1085,Maschhoff_TPLJ_RM2_C,MO201301-4TG24WHN,2021-11-22,green,17.5,green,71.0
1393,1085,Maschhoff_TPLJ_RM2_C,MO201301-4TG24WHN,2021-11-23,green,20.0,yellow,51.0
1394,1085,Maschhoff_TPLJ_RM2_C,MO201301-4TG24WHN,2021-11-24,green,19.5,yellow,57.0
1395,1085,Maschhoff_TPLJ_RM2_C,MO201301-4TG24WHN,2021-11-25,green,17.0,green,73.0
1396,1085,Maschhoff_TPLJ_RM2_C,MO201301-4TG24WHN,2021-11-26,green,18.0,green,82.0
1397,1085,Maschhoff_TPLJ_RM2_C,MO201301-4TG24WHN,2021-11-27,yellow,19.0,green,85.0
1398,1085,Maschhoff_TPLJ_RM2_C,MO201301-4TG24WHN,2021-11-28,green,18.0,green,90.0
1399,1085,Maschhoff_TPLJ_RM2_C,MO201301-4TG24WHN,2021-11-29,yellow,19.5,green,95.0
1400,1085,Maschhoff_TPLJ_RM2_C,MO201301-4TG24WHN,2021-11-30,green,19.0,green,93.0
1401,1085,Maschhoff_TPLJ_RM2_C,MO201301-4TG24WHN,2021-12-01,green,20.0,green,94.0
1402,1085,Maschhoff_TPLJ_RM2_C,MO201301-4TG24WHN,2021-12-02,green,19.5,green,95.0
1403,1085,Maschhoff_TPLJ_RM2_C,MO201301-4TG24WHN,2021-12-03,green,18.5,green,93.0
1404,1085,Maschhoff_TPLJ_RM2_C,MO201301-4TG24WHN,2021-12-04,green,17.5,green,95.0
1405,1085,Maschhoff_TPLJ_RM2_C,MO201301-4TG24WHN,2021-12-05,green,19.0,green,94.0
1406,1085,Maschhoff_TPLJ_RM2_C,MO201301-4TG24WHN,2021-12-06,green,18.0,green,94.0
1407,1085,Maschhoff_TPLJ_RM2_C,MO201301-4TG24WHN,2021-12-07,green,17.5,green,92.0
1408,1085,Maschhoff_TPLJ_RM2_C,MO201301-4TG24WHN,2021-12-08,green,17.5,green,91.0
1409,1085,Maschhoff_TPLJ_RM2_C,MO201301-4TG24WHN,2021-12-09,green,19.0,green,85.0
1410,1085,Maschhoff_TPLJ_RM2_C,MO201301-4TG24WHN,2021-12-10,green,17.5,green,89.0
1411,1085,Maschhoff_TPLJ_RM2_C,MO201301-4TG24WHN,2021-12-11,green,18.0,green,84.0
1412,1085,Maschhoff_TPLJ_RM2_C,MO201301-4TG24WHN,2021-12-12,green,18.5,green,82.0
1413,1085,Maschhoff_TPLJ_RM2_C,MO201301-4TG24WHN,2021-12-13,green,18.0,green,89.0
1414,1085,Maschhoff_TPLJ_RM2_C,MO201301-4TG24WHN,2021-12-14,green,19.5,green,91.0
1415,1085,Maschhoff_TPLJ_RM2_C,MO201301-4TG24WHN,2021-12-15,yellow,22.0,green,95.0
1416,1085,Maschhoff_TPLJ_RM2_C,MO201301-4TG24WHN,2021-12-16,green,18.0,green,84.0
1417,1085,Maschhoff_TPLJ_RM2_C,MO201301-4TG24WHN,2021-12-17,green,17.5,green,80.0
1418,1085,Maschhoff_TPLJ_RM2_C,MO201301-4TG24WHN,2021-12-18,green,18.0,green,92.0
1419,1085,Maschhoff_TPLJ_RM2_C,MO201301-4TG24WHN,2021-12-19,green,18.0,green,95.0
1420,1085,Maschhoff_TPLJ_RM2_C,MO201301-4TG24WHN,2021-12-20,yellow,17.5,green,95.0
1421,1085,Maschhoff_TPLJ_RM2_C,MO201301-4TG24WHN,2021-12-21,yellow,17.5,green,96.0
1422,1085,Maschhoff_TPLJ_RM2_C,MO201301-4TG24WHN,2021-12-22,green,18.0,green,95.0
1423,1085,Maschhoff_TPLJ_RM2_C,MO201301-4TG24WHN,2021-12-23,green,18.0,green,94.0
1424,1085,Maschhoff_TPLJ_RM2_C,MO201301-4TG24WHN,2021-12-24,green,18.5,green,92.0
1425,1085,Maschhoff_TPLJ_RM2_C,MO201301-4TG24WHN,2021-12-25,green,18.0,green,93.0
1426,1085,Maschhoff_TPLJ_RM2_C,MO201301-4TG24WHN,2021-12-26,green,17.5,green,91.0
1427,1085,Maschhoff_TPLJ_RM2_C,MO201301-4TG24WHN,2021-12-27,green,18.0,green,93.0
1428,1085,Maschhoff_TPLJ_RM2_C,MO201301-4TG24WHN,2021-12-28,green,18.0,green,94.0
1429,1085,Maschhoff_TPLJ_RM2_C,MO201301-4TG24WHN,2021-12-29,green,17.5,green,95.0
1430,1085,Maschhoff_TPLJ_RM2_C,MO201301-4TG24WHN,2021-12-30,green,18.0,green,96.0
1431,1085,Maschhoff_TPLJ_RM2_C,MO201301-4TG24WHN,2021-12-31,green,18.5,green,96.0
1432,1085,Maschhoff_TPLJ_RM2_C,MO201301-4TG24WHN,2022-01-01,green,17.5,green,92.0
1433,1085,Maschhoff_TPLJ_RM2_C,MO201301-4TG24WHN,2022-01-02,green,17.5,green,92.0
1434,1085,Maschhoff_TPLJ_RM2_C,MO201301-4TG24WHN,2022-01-03,green,18.0,green,85.0
1435,1085,Maschhoff_TPLJ_RM2_C,MO201301-4TG24WHN,2022-01-04,green,19.0,green,85.0
1436,1085,Maschhoff_TPLJ_RM2_C,MO201301-4TG24WHN,2022-01-05,green,18.0,green,94.0
1437,1085,Maschhoff_TPLJ_RM2_C,MO201301-4TG24WHN,2022-01-06,green,17.5,green,94.0
1438,1085,Maschhoff_TPLJ_RM2_C,MO201301-4TG24WHN,2022-01-07,green,17.5,green,97.0
1439,1085,Maschhoff_TPLJ_RM2_C,MO201301-4TG24WHN,2022-01-08,green,18.5,green,97.0
1440,1085,Maschhoff_TPLJ_RM2_C,MO201301-4TG24WHN,2022-01-09,green,17.5,green,96.0
1441,1085,Maschhoff_TPLJ_RM2_C,MO201301-4TG24WHN,2022-01-10,green,18.0,green,96.0
1442,1085,Maschhoff_TPLJ_RM2_C,MO201301-4TG24WHN,2022-01-11,green,17.0,green,94.0
1443,1085,Maschhoff_TPLJ_RM2_C,MO201301-4TG24WHN,2022-01-12,green,18.5,green,94.0
1444,1085,Maschhoff_TPLJ_RM2_C,MO201301-4TG24WHN,2022-01-13,green,18.0,green,92.0
1445,1085,Maschhoff_TPLJ_RM2_C,MO201301-4TG24WHN,2022-01-14,green,17.5,green,90.0
1446,1085,Maschhoff_TPLJ_RM2_C,MO201301-4TG24WHN,2022-01-15,green,16.5,green,90.0
1447,1085,Maschhoff_TPLJ_RM2_C,MO201301-4TG24WHN,2022-01-16,green,17.0,green,94.0
1448,1085,Maschhoff_TPLJ_RM2_C,MO201301-4TG24WHN,2022-01-17,green,18.0,green,95.0
1449,1085,Maschhoff_TPLJ_RM2_C,MO201301-4TG24WHN,2022-01-18,green,19.0,green,92.0
1450,1085,Maschhoff_TPLJ_RM2_C,MO201301-4TG24WHN,2022-01-19,green,17.0,green,85.0
1451,1085,Maschhoff_TPLJ_RM2_C,MO201301-4TG24WHN,2022-01-20,green,17.0,green,89.0
1452,1085,Maschhoff_TPLJ_RM2_C,MO201301-4TG24WHN,2022-01-21,green,17.0,green,91.0
1453,1085,Maschhoff_TPLJ_RM2_C,MO201301-4TG24WHN,2022-01-22,green,17.0,green,93.0
1454,1085,Maschhoff_TPLJ_RM2_C,MO201301-4TG24WHN,2022-01-23,green,17.0,green,95.0
1455,1085,Maschhoff_TPLJ_RM2_C,MO201301-4TG24WHN,2022-01-24,green,17.5,green,93.0
1456,1085,Maschhoff_TPLJ_RM2_C,MO201301-4TG24WHN,2022-01-25,green,17.0,green,93.0
1457,1085,Maschhoff_TPLJ_RM2_C,MO201301-4TG24WHN,2022-01-26,green,17.0,green,91.0
1458,1085,Maschhoff_TPLJ_RM2_C,MO201301-4TG24WHN,2022-01-27,green,17.5,green,93.0
1459,1085,Maschhoff_TPLJ_RM2_C,MO201301-4TG24WHN,2022-01-28,green,17.5,green,93.0
1460,1085,Maschhoff_TPLJ_RM2_C,MO201301-4TG24WHN,2022-01-29,green,17.5,green,93.0
1461,1085,Maschhoff_TPLJ_RM2_C,MO201301-4TG24WHN,2022-01-30,green,17.5,green,88.0
1462,1085,Maschhoff_TPLJ_RM2_C,MO201301-4TG24WHN,2022-01-31,green,16.5,green,88.0
1463,1085,Maschhoff_TPLJ_RM2_C,MO201301-4TG24WHN,2022-02-01,blue,17.0,blue,
1464,1085,Maschhoff_TPLJ_RM2_C,MO201301-4TG24WHN,2022-02-02,blue,,blue,
1465,1085,Maschhoff_TPLJ_RM2_C,MO201301-4TG24WHN,2022-02-03,blue,,blue,
1466,1085,Maschhoff_TPLJ_RM2_C,MO201301-4TG24WHN,2022-02-04,blue,,blue,
1467,1085,Maschhoff_TPLJ_RM2_C,MO201301-4TG24WHN,2022-02-05,blue,,blue,
1468,1085,Maschhoff_TPLJ_RM2_C,MO201301-4TG24WHN,2022-02-06,blue,,blue,
1469,1085,Maschhoff_TPLJ_RM2_C,MO201301-4TG24WHN,2022-02-07,blue,29.5,blue,
1470,1085,Maschhoff_TPLJ_RM2_C,MO201301-4TG24WHN,2022-02-08,blue,,blue,
1471,1085,Maschhoff_TPLJ_RM2_C,MO201301-4TG24WHN,2022-02-09,blue,,blue,
1472,1085,Maschhoff_TPLJ_RM2_C,MO201301-4TG24WHN,2022-02-10,blue,,blue,
1473,1085,Maschhoff_TPLJ_RM2_C,MO201301-4TG24WHN,2022-02-11,blue,,blue,
1474,1085,Maschhoff_TPLJ_RM2_C,MO201301-4TG24WHN,2022-02-12,blue,,blue,
1475,1085,Maschhoff_TPLJ_RM2_C,MO201301-4TG24WHN,2022-02-13,blue,,blue,
1476,1085,Maschhoff_TPLJ_RM2_C,MO201301-4TG24WHN,2022-02-14,blue,,blue,
1477,1085,Maschhoff_TPLJ_RM2_C,MO201301-4TG24WHN,2022-02-15,blue,,blue,
1478,1085,Maschhoff_TPLJ_RM2_C,MO201301-4TG24WHN,2022-02-16,blue,,blue,
1479,1085,Maschhoff_TPLJ_RM2_C,MO201301-4TG24WHN,2022-02-17,blue,,blue,
1480,1085,Maschhoff_TPLJ_RM2_C,MO201301-4TG24WHN,2022-02-18,blue,,blue,
1481,1085,Maschhoff_TPLJ_RM2_C,MO201301-4TG24WHN,2022-02-19,blue,,blue,
1482,1085,Maschhoff_TPLJ_RM2_C,MO201301-4TG24WHN,2022-02-20,blue,,blue,
1483,1085,Maschhoff_TPLJ_RM2_C,MO201301-4TG24WHN,2022-02-21,blue,,blue,
1484,1085,Maschhoff_TPLJ_RM2_C,MO201301-4TG24WHN,2022-02-22,blue,,blue,
1485,1085,Maschhoff_TPLJ_RM2_C,MO201301-4TG24WHN,2022-02-23,blue,,blue,
1486,1085,Maschhoff_TPLJ_RM2_C,MO201301-4TG24WHN,2022-02-24,blue,,blue,
1487,1085,Maschhoff_TPLJ_RM2_C,MO201301-4TG24WHN,2022-02-25,blue,,blue,
1488,1085,Maschhoff_TPLJ_RM2_C,MO201301-4TG24WHN,2022-02-26,blue,,blue,
1489,1085,Maschhoff_TPLJ_RM2_C,MO201301-4TG24WHN,2022-02-27,blue,,blue,
1490,1085,Maschhoff_TPLJ_RM2_C,MO201301-4TG24WHN,2022-02-28,blue,,blue,
1491,1085,Maschhoff_TPLJ_RM2_C,MO201301-4TG24WHN,2022-03-01,blue,,blue,
1492,1085,Maschhoff_TPLJ_RM2_C,MO201301-4TG24WHN,2022-03-02,blue,,blue,
1493,1085,Maschhoff_TPLJ_RM2_C,MO201301-4TG24WHN,2022-03-03,blue,,blue,
1494,1085,Maschhoff_TPLJ_RM2_C,MO201301-4TG24WHN,2022-03-04,blue,,blue,
1495,1085,Maschhoff_TPLJ_RM2_C,MO201301-4TG24WHN,2022-03-05,blue,,blue,
1496,1085,Maschhoff_TPLJ_RM2_C,MO201301-4TG24WHN,2022-03-06,blue,,blue,
1497,1085,Maschhoff_TPLJ_RM2_C,MO201301-4TG24WHN,2022-03-07,blue,,blue,
1498,1085,Maschhoff_TPLJ_RM2_C,MO201301-4TG24WHN,2022-03-08,blue,,blue,
1499,1085,Maschhoff_TPLJ_RM2_C,MO201301-4TG24WHN,2022-03-09,blue,,blue,
1500,1085,Maschhoff_TPLJ_RM2_C,MO201301-4TG24WHN,2022-03-10,blue,,blue,
1501,1085,Maschhoff_TPLJ_RM2_C,MO201301-4TG24WHN,2022-03-11,blue,,blue,
1502,1085,Maschhoff_TPLJ_RM2_C,MO201301-4TG24WHN,2022-03-12,blue,,blue,
1503,1085,Maschhoff_TPLJ_RM2_C,MO201301-4TG24WHN,2022-03-13,blue,,blue,
1504,1085,Maschhoff_TPLJ_RM2_C,MO201301-4TG24WHN,2022-03-14,blue,,blue,
1505,1085,Maschhoff_TPLJ_RM2_C,MO201301-4TG24WHN,2022-03-15,blue,,blue,
1506,1085,Maschhoff_TPLJ_RM2_C,MO201301-4TG24WHN,2022-03-16,blue,,blue,
1507,1085,Maschhoff_TPLJ_RM2_C,MO201301-4TG24WHN,2022-03-17,blue,,blue,
1508,1085,Maschhoff_TPLJ_RM2_C,MO201301-4TG24WHN,2022-03-18,green,24.0,blue,
1509,1085,Maschhoff_TPLJ_RM2_C,MO201301-4TG24WHN,2022-03-19,green,24.0,yellow,60.0
1510,1085,Maschhoff_TPLJ_RM2_C,MO201301-4TG24WHN,2022-03-20,green,23.5,yellow,49.0
1511,1085,Maschhoff_TPLJ_RM2_C,MO201301-4TG24WHN,2022-03-21,green,22.0,red,39.0
1512,1085,Maschhoff_TPLJ_RM2_C,MO201301-4TG24WHN,2022-03-22,green,23.0,yellow,57.0
1513,1085,Maschhoff_TPLJ_RM2_C,MO201301-4TG24WHN,2022-03-23,green,23.5,yellow,57.0
1514,1085,Maschhoff_TPLJ_RM2_C,MO201301-4TG24WHN,2022-03-24,green,23.0,yellow,57.0
1515,1085,Maschhoff_TPLJ_RM2_C,MO201301-4TG24WHN,2022-03-25,green,22.5,yellow,56.0
1516,1085,Maschhoff_TPLJ_RM2_C,MO201301-4TG24WHN,2022-03-26,green,23.0,green,65.0
1517,1085,Maschhoff_TPLJ_RM2_C,MO201301-4TG24WHN,2022-03-27,green,23.0,green,64.0
1518,1085,Maschhoff_TPLJ_RM2_C,MO201301-4TG24WHN,2022-03-28,green,22.0,green,65.0
1519,1085,Maschhoff_TPLJ_RM2_C,MO201301-4TG24WHN,2022-03-29,green,21.5,yellow,60.0
1520,1085,Maschhoff_TPLJ_RM2_C,MO201301-4TG24WHN,2022-03-30,green,21.5,green,67.0
1521,1085,Maschhoff_TPLJ_RM2_C,MO201301-4TG24WHN,2022-03-31,green,21.5,green,64.0
1522,1085,Maschhoff_TPLJ_RM2_C,MO201301-4TG24WHN,2022-04-01,green,21.5,green,66.0
1523,1085,Maschhoff_TPLJ_RM2_C,MO201301-4TG24WHN,2022-04-02,green,21.0,yellow,56.0
1524,1085,Maschhoff_TPLJ_RM2_C,MO201301-4TG24WHN,2022-04-03,green,21.0,green,65.0
1525,1085,Maschhoff_TPLJ_RM2_C,MO201301-4TG24WHN,2022-04-04,green,20.5,yellow,50.0
1526,1085,Maschhoff_TPLJ_RM2_C,MO201301-4TG24WHN,2022-04-05,green,20.0,red,36.0
1527,1085,Maschhoff_TPLJ_RM2_C,MO201301-4TG24WHN,2022-04-06,green,20.0,red,20.0
1528,1085,Maschhoff_TPLJ_RM2_C,MO201301-4TG24WHN,2022-04-07,green,20.0,red,18.0
1529,1085,Maschhoff_TPLJ_RM2_C,MO201301-4TG24WHN,2022-04-08,green,19.5,red,13.0
1530,1085,Maschhoff_TPLJ_RM2_C,MO201301-4TG24WHN,2022-04-09,green,20.0,red,14.0
1531,1085,Maschhoff_TPLJ_RM2_C,MO201301-4TG24WHN,2022-04-10,green,20.5,red,22.0
1532,1085,Maschhoff_TPLJ_RM2_C,MO201301-4TG24WHN,2022-04-11,green,20.5,red,24.0
1533,1085,Maschhoff_TPLJ_RM2_C,MO201301-4TG24WHN,2022-04-12,yellow,21.5,red,37.0
1534,1085,Maschhoff_TPLJ_RM2_C,MO201301-4TG24WHN,2022-04-13,green,19.5,red,31.0
1535,1085,Maschhoff_TPLJ_RM2_C,MO201301-4TG24WHN,2022-04-14,green,18.0,red,37.0
1536,1085,Maschhoff_TPLJ_RM2_C,MO201301-4TG24WHN,2022-04-15,green,18.0,red,40.0
1537,1085,Maschhoff_TPLJ_RM2_C,MO201301-4TG24WHN,2022-04-16,green,18.0,red,39.0
1538,1085,Maschhoff_TPLJ_RM2_C,MO201301-4TG24WHN,2022-04-17,green,18.0,red,36.0
1539,1085,Maschhoff_TPLJ_RM2_C,MO201301-4TG24WHN,2022-04-18,green,17.5,red,37.0
1540,1085,Maschhoff_TPLJ_RM2_C,MO201301-4TG24WHN,2022-04-19,green,17.0,red,38.0
1541,1085,Maschhoff_TPLJ_RM2_C,MO201301-4TG24WHN,2022-04-20,green,18.5,red,31.0
1542,1085,Maschhoff_TPLJ_RM2_C,MO201301-4TG24WHN,2022-04-21,green,19.5,yellow,54.0
1543,1085,Maschhoff_TPLJ_RM2_C,MO201301-4TG24WHN,2022-04-22,green,22.0,green,74.0
1544,1085,Maschhoff_TPLJ_RM2_C,MO201301-4TG24WHN,2022-04-23,yellow,23.5,green,84.0
1545,1085,Maschhoff_TPLJ_RM2_C,MO201301-4TG24WHN,2022-04-24,green,19.0,green,66.0
1546,1085,Maschhoff_TPLJ_RM2_C,MO201301-4TG24WHN,2022-04-25,green,17.5,green,69.0
1547,1085,Maschhoff_TPLJ_RM2_C,MO201301-4TG24WHN,2022-04-26,green,18.5,green,71.0
1548,1085,Maschhoff_TPLJ_RM2_C,MO201301-4TG24WHN,2022-04-27,green,19.5,green,69.0
1549,1085,Maschhoff_TPLJ_RM2_C,MO201301-4TG24WHN,2022-04-28,green,21.0,green,80.0
1550,1085,Maschhoff_TPLJ_RM2_C,MO201301-4TG24WHN,2022-04-29,green,20.5,green,78.0
1551,1085,Maschhoff_TPLJ_RM2_C,MO201301-4TG24WHN,2022-04-30,green,19.0,green,81.0
1552,1085,Maschhoff_TPLJ_RM2_C,MO201301-4TG24WHN,2022-05-01,green,18.5,green,86.0
1553,1085,Maschhoff_TPLJ_RM2_C,MO201301-4TG24WHN,2022-05-02,green,18.0,green,87.0
1554,1085,Maschhoff_TPLJ_RM2_C,MO201301-4TG24WHN,2022-05-03,green,18.0,green,88.0
1555,1085,Maschhoff_TPLJ_RM2_C,MO201301-4TG24WHN,2022-05-04,green,18.5,green,83.0
1556,1085,Maschhoff_TPLJ_RM2_C,MO201301-4TG24WHN,2022-05-05,green,19.0,green,85.0
1557,1085,Maschhoff_TPLJ_RM2_C,MO201301-4TG24WHN,2022-05-06,yellow,20.0,green,89.0
1558,1085,Maschhoff_TPLJ_RM2_C,MO201301-4TG24WHN,2022-05-07,green,21.0,green,89.0
1559,1085,Maschhoff_TPLJ_RM2_C,MO201301-4TG24WHN,2022-05-08,green,20.0,green,94.0
1560,1085,Maschhoff_TPLJ_RM2_C,MO201301-4TG24WHN,2022-05-09,red,25.5,green,96.0
1561,1085,Maschhoff_TPLJ_RM2_C,MO201301-4TG24WHN,2022-05-10,green,23.0,green,96.0
1562,1085,Maschhoff_TPLJ_RM2_C,MO201301-4TG24WHN,2022-05-11,yellow,27.5,green,95.0
1563,1085,Maschhoff_TPLJ_RM2_C,MO201301-4TG24WHN,2022-05-12,red,27.5,green,96.0
1564,1085,Maschhoff_TPLJ_RM2_C,MO201301-4TG24WHN,2022-05-13,yellow,23.0,green,96.0
1565,1085,Maschhoff_TPLJ_RM2_C,MO201301-4TG24WHN,2022-05-14,green,23.0,green,
1566,1085,Maschhoff_TPLJ_RM2_C,MO201301-4TG24WHN,2022-05-14,green,22.5,green,93.0
1567,1085,Maschhoff_TPLJ_RM2_C,MO201301-4TG24WHN,2022-05-15,green,21.0,green,96.0
1568,1085,Maschhoff_TPLJ_RM2_C,MO201301-4TG24WHN,2022-05-16,yellow,21.5,green,95.0
1569,1085,Maschhoff_TPLJ_RM2_C,MO201301-4TG24WHN,2022-05-17,green,21.5,green,97.0
1570,1085,Maschhoff_TPLJ_RM2_C,MO201301-4TG24WHN,2022-05-18,yellow,23.0,green,97.0
1571,1085,Maschhoff_TPLJ_RM2_C,MO201301-4TG24WHN,2022-05-19,red,26.0,green,96.0
1572,1085,Maschhoff_TPLJ_RM2_C,MO201301-4TG24WHN,2022-05-20,green,21.0,green,96.0
1573,1085,Maschhoff_TPLJ_RM2_C,MO201301-4TG24WHN,2022-05-21,yellow,18.0,green,96.0
1574,1085,Maschhoff_TPLJ_RM2_C,MO201301-4TG24WHN,2022-05-22,yellow,19.0,green,92.0
1575,1085,Maschhoff_TPLJ_RM2_C,MO201301-4TG24WHN,2022-05-23,green,19.5,green,94.0
1576,1085,Maschhoff_TPLJ_RM2_C,MO201301-4TG24WHN,2022-05-24,green,19.0,green,94.0
1577,1085,Maschhoff_TPLJ_RM2_C,MO201301-4TG24WHN,2022-05-25,green,17.5,green,92.0
1578,1085,Maschhoff_TPLJ_RM2_C,MO201301-4TG24WHN,2022-05-26,yellow,17.5,green,94.0
1579,1085,Maschhoff_TPLJ_RM2_C,MO201301-4TG24WHN,2022-05-27,yellow,20.5,green,96.0
1580,1085,Maschhoff_TPLJ_RM2_C,MO201301-4TG24WHN,2022-05-28,yellow,25.5,green,97.0
1581,1085,Maschhoff_TPLJ_RM2_C,MO201301-4TG24WHN,2022-05-29,green,25.5,green,95.0
1582,1085,Maschhoff_TPLJ_RM2_C,MO201301-4TG24WHN,2022-05-30,red,25.0,green,95.0
1583,1085,Maschhoff_TPLJ_RM2_C,MO201301-4TG24WHN,2022-05-31,green,22.0,green,86.0
1584,1085,Maschhoff_TPLJ_RM2_C,MO201301-4TG24WHN,2022-06-01,yellow,20.0,green,78.0
1585,1085,Maschhoff_TPLJ_RM2_C,MO201301-4TG24WHN,2022-06-02,yellow,21.0,green,66.0
1586,1085,Maschhoff_TPLJ_RM2_C,MO201301-4TG24WHN,2022-06-03,yellow,21.0,green,73.0
1587,1085,Maschhoff_TPLJ_RM2_C,MO201301-4TG24WHN,2022-06-04,green,21.5,green,74.0
1588,1085,Maschhoff_TPLJ_RM2_C,MO201301-4TG24WHN,2022-06-05,green,22.5,yellow,47.0
1589,1085,Maschhoff_TPLJ_RM2_C,MO201301-4TG24WHN,2022-06-06,green,21.5,red,39.0
1590,1085,Maschhoff_TPLJ_RM2_C,MO201301-4TG24WHN,2022-06-07,green,22.0,yellow,55.0
1591,1085,Maschhoff_TPLJ_RM2_C,MO201301-4TG24WHN,2022-06-08,yellow,22.0,green,77.0
1592,1085,Maschhoff_TPLJ_RM2_C,MO201301-4TG24WHN,2022-06-09,green,21.0,green,87.0
1593,1085,Maschhoff_TPLJ_RM2_C,MO201301-4TG24WHN,2022-06-10,green,23.0,green,94.0
1594,1085,Maschhoff_TPLJ_RM2_C,MO201301-4TG24WHN,2022-06-11,yellow,24.0,green,96.0
1595,1085,Maschhoff_TPLJ_RM2_C,MO201301-4TG24WHN,2022-06-12,yellow,26.0,green,97.0
1596,1085,Maschhoff_TPLJ_RM2_C,MO201301-4TG24WHN,2022-06-13,yellow,30.0,green,98.0
1597,1085,Maschhoff_TPLJ_RM2_C,MO201301-4TG24WHN,2022-06-14,red,30.0,green,93.0
1598,1085,Maschhoff_TPLJ_RM2_C,MO201301-4TG24WHN,2022-06-15,green,22.5,green,94.0
1599,1085,Maschhoff_TPLJ_RM2_C,MO201301-4TG24WHN,2022-06-16,red,25.0,green,96.0
2000,1103,Maschhoff_TPLJ_RM2_W,MO201301-MLJQ4R57,2021-05-15,green,20.5,green,99.0
2001,1103,Maschhoff_TPLJ_RM2_W,MO201301-MLJQ4R57,2021-05-16,green,20.5,green,99.0
2002,1103,Maschhoff_TPLJ_RM2_W,MO201301-MLJQ4R57,2021-05-17,green,20.5,green,98.0
2003,1103,Maschhoff_TPLJ_RM2_W,MO201301-MLJQ4R57,2021-05-18,green,21.0,green,99.0
2004,1103,Maschhoff_TPLJ_RM2_W,MO201301-MLJQ4R57,2021-05-19,green,22.5,green,96.0
2005,1103,Maschhoff_TPLJ_RM2_W,MO201301-MLJQ4R57,2021-05-20,green,22.5,green,99.0
2006,1103,Maschhoff_TPLJ_RM2_W,MO201301-MLJQ4R57,2021-05-21,yellow,24.0,green,99.0
2007,1103,Maschhoff_TPLJ_RM2_W,MO201301-MLJQ4R57,2021-05-22,yellow,24.5,green,97.0
2008,1103,Maschhoff_TPLJ_RM2_W,MO201301-MLJQ4R57,2021-05-23,yellow,25.0,green,99.0
2009,1103,Maschhoff_TPLJ_RM2_W,MO201301-MLJQ4R57,2021-05-24,yellow,25.0,green,98.0
2010,1103,Maschhoff_TPLJ_RM2_W,MO201301-MLJQ4R57,2021-05-25,red,25.0,green,98.0
2011,1103,Maschhoff_TPLJ_RM2_W,MO201301-MLJQ4R57,2021-05-26,yellow,22.0,green,98.0
2012,1103,Maschhoff_TPLJ_RM2_W,MO201301-MLJQ4R57,2021-05-27,green,19.0,green,99.0
2013,1103,Maschhoff_TPLJ_RM2_W,MO201301-MLJQ4R57,2021-05-28,green,15.5,green,98.0
2014,1103,Maschhoff_TPLJ_RM2_W,MO201301-MLJQ4R57,2021-05-29,yellow,18.0,green,97.0
2015,1103,Maschhoff_TPLJ_RM2_W,MO201301-MLJQ4R57,2021-05-30,green,19.0,green,99.0
2016,1103,Maschhoff_TPLJ_RM2_W,MO201301-MLJQ4R57,2021-05-31,yellow,20.0,green,99.0
2017,1103,Maschhoff_TPLJ_RM2_W,MO201301-MLJQ4R57,2021-06-01,yellow,22.0,green,99.0
2018,1103,Maschhoff_TPLJ_RM2_W,MO201301-MLJQ4R57,2021-06-02,yellow,22.5,green,98.0
2019,1103,Maschhoff_TPLJ_RM2_W,MO201301-MLJQ4R57,2021-06-03,yellow,25.0,green,99.0
2020,1103,Maschhoff_TPLJ_RM2_W,MO201301-MLJQ4R57,2021-06-04,yellow,27.5,green,99.0
2021,1103,Maschhoff_TPLJ_RM2_W,MO201301-MLJQ4R57,2021-06-05,yellow,28.5,green,98.0
2022,1103,Maschhoff_TPLJ_RM2_W,MO201301-MLJQ4R57,2021-06-06,green,26.5,green,99.0
2023,1103,Maschhoff_TPLJ_RM2_W,MO201301-MLJQ4R57,2021-06-07,yellow,27.5,green,99.0
2024,1103,Maschhoff_TPLJ_RM2_W,MO201301-MLJQ4R57,2021-06-08,red,27.5,green,99.0
2025,1103,Maschhoff_TPLJ_RM2_W,MO201301-MLJQ4R57,2021-06-09,red,28.0,green,99.0
2026,1103,Maschhoff_TPLJ_RM2_W,MO201301-MLJQ4R57,2021-06-10,yellow,29.5,green,99.0
2027,1103,Maschhoff_TPLJ_RM2_W,MO201301-MLJQ4R57,2021-06-11,yellow,26.0,green,99.0
2028,1103,Maschhoff_TPLJ_RM2_W,MO201301-MLJQ4R57,2021-06-12,red,24.5,green,99.0
2029,1103,Maschhoff_TPLJ_RM2_W,MO201301-MLJQ4R57,2021-06-13,red,26.0,green,98.0
2030,1103,Maschhoff_TPLJ_RM2_W,MO201301-MLJQ4R57,2021-06-14,red,25.0,green,99.0
2031,1103,Maschhoff_TPLJ_RM2_W,MO201301-MLJQ4R57,2021-06-15,red,25.0,green,96.0
2032,1103,Maschhoff_TPLJ_RM2_W,MO201301-MLJQ4R57,2021-06-16,red,27.0,green,99.0
2033,1103,Maschhoff_TPLJ_RM2_W,MO201301-MLJQ4R57,2021-06-17,red,31.0,green,98.0
2034,1103,Maschhoff_TPLJ_RM2_W,MO201301-MLJQ4R57,2021-06-18,red,26.0,green,98.0
2035,1103,Maschhoff_TPLJ_RM2_W,MO201301-MLJQ4R57,2021-06-19,yellow,24.5,green,98.0
2036,1103,Maschhoff_TPLJ_RM2_W,MO201301-MLJQ4R57,2021-06-20,yellow,24.0,green,98.0
2037,1103,Maschhoff_TPLJ_RM2_W,MO201301-MLJQ4R57,2021-06-21,green,20.5,green,98.0
2038,1103,Maschhoff_TPLJ_RM2_W,MO201301-MLJQ4R57,2021-06-22,yellow,22.5,green,99.0
2039,1103,Maschhoff_TPLJ_RM2_W,MO201301-MLJQ4R57,2021-06-23,yellow,26.0,green,98.0
2040,1103,Maschhoff_TPLJ_RM2_W,MO201301-MLJQ4R57,2021-06-24,green,25.5,green,99.0
2041,1103,Maschhoff_TPLJ_RM2_W,MO201301-MLJQ4R57,2021-06-25,green,23.0,green,99.0
2042,1103,Maschhoff_TPLJ_RM2_W,MO201301-MLJQ4R57,2021-06-26,green,21.5,green,98.0
2043,1103,Maschhoff_TPLJ_RM2_W,MO201301-MLJQ4R57,2021-06-27,yellow,23.0,green,99.0
2044,1103,Maschhoff_TPLJ_RM2_W,MO201301-MLJQ4R57,2021-06-28,green,24.0,green,99.0
2045,1103,Maschhoff_TPLJ_RM2_W,MO201301-MLJQ4R57,2021-06-29,yellow,24.5,green,98.0
2046,1103,Maschhoff_TPLJ_RM2_W,MO201301-MLJQ4R57,2021-06-30,red,24.5,green,98.0
2047,1103,Maschhoff_TPLJ_RM2_W,MO201301-MLJQ4R57,2021-07-01,red,24.5,green,96.0
2048,1103,Maschhoff_TPLJ_RM2_W,MO201301-MLJQ4R57,2021-07-02,red,25.0,green,99.0
2049,1103,Maschhoff_TPLJ_RM2_W,MO201301-MLJQ4R57,2021-07-03,yellow,25.5,green,99.0
2050,1103,Maschhoff_TPLJ_RM2_W,MO201301-MLJQ4R57,2021-07-04,yellow,27.0,green,99.0
2051,1103,Maschhoff_TPLJ_RM2_W,MO201301-MLJQ4R57,2021-07-05,yellow,28.0,green,99.0
2052,1103,Maschhoff_TPLJ_RM2_W,MO201301-MLJQ4R57,2021-07-06,yellow,27.0,green,99.0
2053,1103,Maschhoff_TPLJ_RM2_W,MO201301-MLJQ4R57,2021-07-07,green,22.0,green,99.0
2054,1103,Maschhoff_TPLJ_RM2_W,MO201301-MLJQ4R57,2021-07-08,green,21.0,green,97.0
2055,1103,Maschhoff_TPLJ_RM2_W,MO201301-MLJQ4R57,2021-07-09,yellow,24.5,green,99.0
2056,1103,Maschhoff_TPLJ_RM2_W,MO201301-MLJQ4R57,2021-07-10,green,21.5,green,98.0
2057,1103,Maschhoff_TPLJ_RM2_W,MO201301-MLJQ4R57,2021-07-11,yellow,22.5,green,97.0
2058,1103,Maschhoff_TPLJ_RM2_W,MO201301-MLJQ4R57,2021-07-12,yellow,22.0,green,97.0
2059,1103,Maschhoff_TPLJ_RM2_W,MO201301-MLJQ4R57,2021-07-13,yellow,23.5,green,96.0
2060,1103,Maschhoff_TPLJ_RM2_W,MO201301-MLJQ4R57,2021-07-14,green,23.5,green,99.0
2061,1103,Maschhoff_TPLJ_RM2_W,MO201301-MLJQ4R57,2021-07-15,yellow,22.5,green,99.0
2062,1103,Maschhoff_TPLJ_RM2_W,MO201301-MLJQ4R57,2021-07-16,yellow,22.5,green,99.0
2063,1103,Maschhoff_TPLJ_RM2_W,MO201301-MLJQ4R57,2021-07-17,yellow,23.5,green,99.0
2064,1103,Maschhoff_TPLJ_RM2_W,MO201301-MLJQ4R57,2021-07-18,yellow,23.5,green,99.0
2065,1103,Maschhoff_TPLJ_RM2_W,MO201301-MLJQ4R57,2021-07-19,red,23.5,green,98.0
2066,1103,Maschhoff_TPLJ_RM2_W,MO201301-MLJQ4R57,2021-07-20,red,23.5,green,99.0
2067,1103,Maschhoff_TPLJ_RM2_W,MO201301-MLJQ4R57,2021-07-21,yellow,24.5,green,98.0
2068,1103,Maschhoff_TPLJ_RM2_W,MO201301-MLJQ4R57,2021-07-22,yellow,25.5,green,99.0
2069,1103,Maschhoff_TPLJ_RM2_W,MO201301-MLJQ4R57,2021-07-23,yellow,27.0,green,98.0
2070,1103,Maschhoff_TPLJ_RM2_W,MO201301-MLJQ4R57,2021-07-24,red,27.0,green,97.0
2071,1103,Maschhoff_TPLJ_RM2_W,MO201301-MLJQ4R57,2021-07-25,red,25.0,green,99.0
2072,1103,Maschhoff_TPLJ_RM2_W,MO201301-MLJQ4R57,2021-07-26,yellow,25.0,green,97.0
2073,1103,Maschhoff_TPLJ_RM2_W,MO201301-MLJQ4R57,2021-07-27,yellow,27.0,green,99.0
2074,1103,Maschhoff_TPLJ_RM2_W,MO201301-MLJQ4R57,2021-07-28,green,29.0,green,99.0
2075,1103,Maschhoff_TPLJ_RM2_W,MO201301-MLJQ4R57,2021-07-29,yellow,27.0,green,98.0
2076,1103,Maschhoff_TPLJ_RM2_W,MO201301-MLJQ4R57,2021-07-30,green,22.5,green,99.0
2077,1103,Maschhoff_TPLJ_RM2_W,MO201301-MLJQ4R57,2021-07-31,green,23.5,green,99.0
2078,1103,Maschhoff_TPLJ_RM2_W,MO201301-MLJQ4R57,2021-08-01,green,20.0,blue,
2079,1103,Maschhoff_TPLJ_RM2_W,MO201301-MLJQ4R57,2021-08-02,green,,blue,
2080,1103,Maschhoff_TPLJ_RM2_W,MO201301-MLJQ4R57,2021-08-03,green,,blue,
2081,1103,Maschhoff_TPLJ_RM2_W,MO201301-MLJQ4R57,2021-08-04,green,,blue,
2082,1103,Maschhoff_TPLJ_RM2_W,MO201301-MLJQ4R57,2021-08-05,green,,blue,
2083,1103,Maschhoff_TPLJ_RM2_W,MO201301-MLJQ4R57,2021-08-06,green,,blue,
2084,1103,Maschhoff_TPLJ_RM2_W,MO201301-MLJQ4R57,2021-08-07,green,,blue,
2085,1103,Maschhoff_TPLJ_RM2_W,MO201301-MLJQ4R57,2021-08-08,green,,blue,
2086,1103,Maschhoff_TPLJ_RM2_W,MO201301-MLJQ4R57,2021-08-09,green,,blue,
2087,1103,Maschhoff_TPLJ_RM2_W,MO201301-MLJQ4R57,2021-08-10,green,,blue,
2088,1103,Maschhoff_TPLJ_RM2_W,MO201301-MLJQ4R57,2021-08-11,green,,blue,
2089,1103,Maschhoff_TPLJ_RM2_W,MO201301-MLJQ4R57,2021-08-12,green,,blue,
2090,1103,Maschhoff_TPLJ_RM2_W,MO201301-MLJQ4R57,2021-08-13,green,,blue,
2091,1103,Maschhoff_TPLJ_RM2_W,MO201301-MLJQ4R57,2021-08-14,green,,blue,
2092,1103,Maschhoff_TPLJ_RM2_W,MO201301-MLJQ4R57,2021-08-15,green,,blue,
2093,1103,Maschhoff_TPLJ_RM2_W,MO201301-MLJQ4R57,2021-08-16,green,,blue,
2094,1103,Maschhoff_TPLJ_RM2_W,MO201301-MLJQ4R57,2021-08-17,green,,blue,
2095,1103,Maschhoff_TPLJ_RM2_W,MO201301-MLJQ4R57,2021-08-18,green,,blue,
2096,1103,Maschhoff_TPLJ_RM2_W,MO201301-MLJQ4R57,2021-08-19,green,,blue,
2097,1103,Maschhoff_TPLJ_RM2_W,MO201301-MLJQ4R57,2021-08-20,green,,blue,
2098,1103,Maschhoff_TPLJ_RM2_W,MO201301-MLJQ4R57,2021-08-21,green,,blue,
2099,1103,Maschhoff_TPLJ_RM2_W,MO201301-MLJQ4R57,2021-08-22,green,,blue,
2100,1103,Maschhoff_TPLJ_RM2_W,MO201301-MLJQ4R57,2021-08-23,green,,blue,
2101,1103,Maschhoff_TPLJ_RM2_W,MO201301-MLJQ4R57,2021-08-24,green,,blue,
2102,1103,Maschhoff_TPLJ_RM2_W,MO201301-MLJQ4R57,2021-08-25,green,,blue,
2103,1103,Maschhoff_TPLJ_RM2_W,MO201301-MLJQ4R57,2021-08-26,green,,blue,
2104,1103,Maschhoff_TPLJ_RM2_W,MO201301-MLJQ4R57,2021-08-27,green,,blue,
2105,1103,Maschhoff_TPLJ_RM2_W,MO201301-MLJQ4R57,2021-08-28,green,,blue,
2106,1103,Maschhoff_TPLJ_RM2_W,MO201301-MLJQ4R57,2021-08-29,green,,blue,
2107,1103,Maschhoff_TPLJ_RM2_W,MO201301-MLJQ4R57,2021-08-30,green,27.5,blue,
2108,1103,Maschhoff_TPLJ_RM2_W,MO201301-MLJQ4R57,2021-08-31,green,25.5,green,97.0
2109,1103,Maschhoff_TPLJ_RM2_W,MO201301-MLJQ4R57,2021-09-01,green,26.0,green,98.0
2110,1103,Maschhoff_TPLJ_RM2_W,MO201301-MLJQ4R57,2021-09-02,green,26.0,green,98.0
2111,1103,Maschhoff_TPLJ_RM2_W,MO201301-MLJQ4R57,2021-09-03,green,26.0,green,98.0
2112,1103,Maschhoff_TPLJ_RM2_W,MO201301-MLJQ4R57,2021-09-04,green,26.0,green,98.0
2113,1103,Maschhoff_TPLJ_RM2_W,MO201301-MLJQ4R57,2021-09-05,green,27.0,green,98.0
2114,1103,Maschhoff_TPLJ_RM2_W,MO201301-MLJQ4R57,2021-09-06,green,27.5,green,96.0
2115,1103,Maschhoff_TPLJ_RM2_W,MO201301-MLJQ4R57,2021-09-07,green,26.5,green,92.0
2116,1103,Maschhoff_TPLJ_RM2_W,MO201301-MLJQ4R57,2021-09-08,green,26.0,green,94.0
2117,1103,Maschhoff_TPLJ_RM2_W,MO201301-MLJQ4R57,2021-09-09,green,25.5,green,93.0
2118,1103,Maschhoff_TPLJ_RM2_W,MO201301-MLJQ4R57,2021-09-10,yellow,26.5,green,90.0
2119,1103,Maschhoff_TPLJ_RM2_W,MO201301-MLJQ4R57,2021-09-11,green,27.5,green,94.0
2120,1103,Maschhoff_TPLJ_RM2_W,MO201301-MLJQ4R57,2021-09-12,green,25.5,green,98.0
2121,1103,Maschhoff_TPLJ_RM2_W,MO201301-MLJQ4R57,2021-09-13,green,26.0,green,94.0
2122,1103,Maschhoff_TPLJ_RM2_W,MO201301-MLJQ4R57,2021-09-14,green,25.0,green,94.0
2123,1103,Maschhoff_TPLJ_RM2_W,MO201301-MLJQ4R57,2021-09-15,green,26.0,green,86.0
2124,1103,Maschhoff_TPLJ_RM2_W,MO201301-MLJQ4R57,2021-09-16,green,27.5,green,95.0
2125,1103,Maschhoff_TPLJ_RM2_W,MO201301-MLJQ4R57,2021-09-17,green,25.0,green,88.0
2126,1103,Maschhoff_TPLJ_RM2_W,MO201301-MLJQ4R57,2021-09-18,green,26.5,green,78.0
2127,1103,Maschhoff_TPLJ_RM2_W,MO201301-MLJQ4R57,2021-09-19,green,28.0,green,95.0
2128,1103,Maschhoff_TPLJ_RM2_W,MO201301-MLJQ4R57,2021-09-20,green,25.0,green,93.0
2129,1103,Maschhoff_TPLJ_RM2_W,MO201301-MLJQ4R57,2021-09-21,green,23.5,green,72.0
2130,1103,Maschhoff_TPLJ_RM2_W,MO201301-MLJQ4R57,2021-09-22,green,23.0,green,69.0
2131,1103,Maschhoff_TPLJ_RM2_W,MO201301-MLJQ4R57,2021-09-23,yellow,24.0,green,72.0
2132,1103,Maschhoff_TPLJ_RM2_W,MO201301-MLJQ4R57,2021-09-24,green,23.0,green,90.0
2133,1103,Maschhoff_TPLJ_RM2_W,MO201301-MLJQ4R57,2021-09-25,green,24.0,green,79.0
2134,1103,Maschhoff_TPLJ_RM2_W,MO201301-MLJQ4R57,2021-09-26,yellow,25.0,green,92.0
2135,1103,Maschhoff_TPLJ_RM2_W,MO201301-MLJQ4R57,2021-09-27,red,25.0,green,84.0
2136,1103,Maschhoff_TPLJ_RM2_W,MO201301-MLJQ4R57,2021-09-28,yellow,26.0,green,89.0
2137,1103,Maschhoff_TPLJ_RM2_W,MO201301-MLJQ4R57,2021-09-29,green,26.0,green,97.0
2138,1103,Maschhoff_TPLJ_RM2_W,MO201301-MLJQ4R57,2021-09-30,green,26.0,green,92.0
2139,1103,Maschhoff_TPLJ_RM2_W,MO201301-MLJQ4R57,2021-10-01,green,26.0,green,90.0
2140,1103,Maschhoff_TPLJ_RM2_W,MO201301-MLJQ4R57,2021-10-02,green,24.5,green,73.0
2141,1103,Maschhoff_TPLJ_RM2_W,MO201301-MLJQ4R57,2021-10-03,yellow,24.0,green,71.0
2142,1103,Maschhoff_TPLJ_RM2_W,MO201301-MLJQ4R57,2021-10-04,yellow,23.0,yellow,47.0
2143,1103,Maschhoff_TPLJ_RM2_W,MO201301-MLJQ4R57,2021-10-05,yellow,23.0,yellow,46.0
2144,1103,Maschhoff_TPLJ_RM2_W,MO201301-MLJQ4R57,2021-10-06,green,23.5,green,81.0
2145,1103,Maschhoff_TPLJ_RM2_W,MO201301-MLJQ4R57,2021-10-07,yellow,24.5,green,89.0
2146,1103,Maschhoff_TPLJ_RM2_W,MO201301-MLJQ4R57,2021-10-08,green,24.5,green,88.0
2147,1103,Maschhoff_TPLJ_RM2_W,MO201301-MLJQ4R57,2021-10-09,green,25.0,green,93.0
2148,1103,Maschhoff_TPLJ_RM2_W,MO201301-MLJQ4R57,2021-10-10,green,23.0,green,92.0
2149,1103,Maschhoff_TPLJ_RM2_W,MO201301-MLJQ4R57,2021-10-11,yellow,21.5,green,81.0
2150,1103,Maschhoff_TPLJ_RM2_W,MO201301-MLJQ4R57,2021-10-12,green,22.0,green,82.0
2151,1103,Maschhoff_TPLJ_RM2_W,MO201301-MLJQ4R57,2021-10-13,green,23.0,green,95.0
2152,1103,Maschhoff_TPLJ_RM2_W,MO201301-MLJQ4R57,2021-10-14,green,21.0,green,90.0
2153,1103,Maschhoff_TPLJ_RM2_W,MO201301-MLJQ4R57,2021-10-15,green,20.5,green,91.0
2154,1103,Maschhoff_TPLJ_RM2_W,MO201301-MLJQ4R57,2021-10-16,yellow,20.5,green,87.0
2155,1103,Maschhoff_TPLJ_RM2_W,MO201301-MLJQ4R57,2021-10-17,green,21.5,green,89.0
2156,1103,Maschhoff_TPLJ_RM2_W,MO201301-MLJQ4R57,2021-10-18,green,22.5,green,96.0
2157,1103,Maschhoff_TPLJ_RM2_W,MO201301-MLJQ4R57,2021-10-19,green,23.5,green,98.0
2158,1103,Maschhoff_TPLJ_RM2_W,MO201301-MLJQ4R57,2021-10-20,green,21.5,green,99.0
2159,1103,Maschhoff_TPLJ_RM2_W,MO201301-MLJQ4R57,2021-10-21,green,18.5,green,92.0
2160,1103,Maschhoff_TPLJ_RM2_W,MO201301-MLJQ4R57,2021-10-22,green,19.5,green,78.0
2161,1103,Maschhoff_TPLJ_RM2_W,MO201301-MLJQ4R57,2021-10-23,green,20.0,green,78.0
2162,1103,Maschhoff_TPLJ_RM2_W,MO201301-MLJQ4R57,2021-10-24,yellow,20.0,green,76.0
2163,1103,Maschhoff_TPLJ_RM2_W,MO201301-MLJQ4R57,2021-10-25,yellow,20.0,green,68.0
2164,1103,Maschhoff_TPLJ_RM2_W,MO201301-MLJQ4R57,2021-10-26,green,20.0,green,80.0
2165,1103,Maschhoff_TPLJ_RM2_W,MO201301-MLJQ4R57,2021-10-27,green,19.0,green,94.0
2166,1103,Maschhoff_TPLJ_RM2_W,MO201301-MLJQ4R57,2021-10-28,green,19.5,green,84.0
2167,1103,Maschhoff_TPLJ_RM2_W,MO201301-MLJQ4R57,2021-10-29,red,19.5,green,84.0
2168,1103,Maschhoff_TPLJ_RM2_W,MO201301-MLJQ4R57,2021-10-30,green,21.5,green,90.0
2169,1103,Maschhoff_TPLJ_RM2_W,MO201301-MLJQ4R57,2021-10-31,yellow,20.5,green,88.0
2170,1103,Maschhoff_TPLJ_RM2_W,MO201301-MLJQ4R57,2021-11-01,green,21.5,green,69.0
2171,1103,Maschhoff_TPLJ_RM2_W,MO201301-MLJQ4R57,2021-11-02,green,20.0,yellow,53.0
2172,1103,Maschhoff_TPLJ_RM2_W,MO201301-MLJQ4R57,2021-11-03,green,20.0,yellow,46.0
2173,1103,Maschhoff_TPLJ_RM2_W,MO201301-MLJQ4R57,2021-11-04,green,19.5,red,33.0
2174,1103,Maschhoff_TPLJ_RM2_W,MO201301-MLJQ4R57,2021-11-05,green,19.5,yellow,53.0
2175,1103,Maschhoff_TPLJ_RM2_W,MO201301-MLJQ4R57,2021-11-06,green,20.0,green,80.0
2176,1103,Maschhoff_TPLJ_RM2_W,MO201301-MLJQ4R57,2021-11-07,green,20.0,green,85.0
2177,1103,Maschhoff_TPLJ_RM2_W,MO201301-MLJQ4R57,2021-11-08,green,19.5,green,87.0
2178,1103,Maschhoff_TPLJ_RM2_W,MO201301-MLJQ4R57,2021-11-09,green,18.5,green,89.0
2179,1103,Maschhoff_TPLJ_RM2_W,MO201301-MLJQ4R57,2021-11-10,green,18.5,green,93.0
2180,1103,Maschhoff_TPLJ_RM2_W,MO201301-MLJQ4R57,2021-11-11,green,18.0,green,93.0
2181,1103,Maschhoff_TPLJ_RM2_W,MO201301-MLJQ4R57,2021-11-12,green,18.0,green,96.0
2182,1103,Maschhoff_TPLJ_RM2_W,MO201301-MLJQ4R57,2021-11-13,green,18.0,green,
2183,1103,Maschhoff_TPLJ_RM2_W,MO201301-MLJQ4R57,2021-11-13,green,17.5,green,92.0
2184,1103,Maschhoff_TPLJ_RM2_W,MO201301-MLJQ4R57,2021-11-14,green,17.5,green,95.0
2185,1103,Maschhoff_TPLJ_RM2_W,MO201301-MLJQ4R57,2021-11-15,green,17.5,green,92.0
2186,1103,Maschhoff_TPLJ_RM2_W,MO201301-MLJQ4R57,2021-11-16,green,19.0,green,94.0
2187,1103,Maschhoff_TPLJ_RM2_W,MO201301-MLJQ4R57,2021-11-17,green,18.0,green,95.0
2188,1103,Maschhoff_TPLJ_RM2_W,MO201301-MLJQ4R57,2021-11-18,green,17.0,green,96.0
2189,1103,Maschhoff_TPLJ_RM2_W,MO201301-MLJQ4R57,2021-11-19,green,17.5,green,92.0
2190,1103,Maschhoff_TPLJ_RM2_W,MO201301-MLJQ4R57,2021-11-20,green,18.0,green,93.0
2191,1103,Maschhoff_TPLJ_RM2_W,MO201301-MLJQ4R57,2021-11-21,green,17.5,green,91.0
2192,1103,Maschhoff_TPLJ_RM2_W,MO201301-MLJQ4R57,2021-11-22,green,18.0,green,77.0
2193,1103,Maschhoff_TPLJ_RM2_W,MO201301-MLJQ4R57,2021-11-23,green,19.0,green,81.0
2194,1103,Maschhoff_TPLJ_RM2_W,MO201301-MLJQ4R57,2021-11-24,green,17.5,green,81.0
2195,1103,Maschhoff_TPLJ_RM2_W,MO201301-MLJQ4R57,2021-11-25,yellow,16.0,green,77.0
2196,1103,Maschhoff_TPLJ_RM2_W,MO201301-MLJQ4R57,2021-11-26,green,17.0,green,90.0
2197,1103,Maschhoff_TPLJ_RM2_W,MO201301-MLJQ4R57,2021-11-27,green,18.0,green,95.0
2198,1103,Maschhoff_TPLJ_RM2_W,MO201301-MLJQ4R57,2021-11-28,green,17.5,green,95.0
2199,1103,Maschhoff_TPLJ_RM2_W,MO201301-MLJQ4R57,2021-11-29,yellow,19.0,green,98.0
2200,1103,Maschhoff_TPLJ_RM2_W,MO201301-MLJQ4R57,2021-11-30,green,17.5,green,97.0
2201,1103,Maschhoff_TPLJ_RM2_W,MO201301-MLJQ4R57,2021-12-01,green,19.0,green,97.0
2202,1103,Maschhoff_TPLJ_RM2_W,MO201301-MLJQ4R57,2021-12-02,green,18.5,green,96.0
2203,1103,Maschhoff_TPLJ_RM2_W,MO201301-MLJQ4R57,2021-12-03,yellow,17.5,green,96.0
2204,1103,Maschhoff_TPLJ_RM2_W,MO201301-MLJQ4R57,2021-12-04,green,16.5,green,97.0
2205,1103,Maschhoff_TPLJ_RM2_W,MO201301-MLJQ4R57,2021-12-05,green,17.0,green,96.0
2206,1103,Maschhoff_TPLJ_RM2_W,MO201301-MLJQ4R57,2021-12-06,green,16.0,green,96.0
2207,1103,Maschhoff_TPLJ_RM2_W,MO201301-MLJQ4R57,2021-12-07,yellow,16.5,green,96.0
2208,1103,Maschhoff_TPLJ_RM2_W,MO201301-MLJQ4R57,2021-12-08,green,16.5,green,96.0
2209,1103,Maschhoff_TPLJ_RM2_W,MO201301-MLJQ4R57,2021-12-09,green,17.0,green,96.0
2210,1103,Maschhoff_TPLJ_RM2_W,MO201301-MLJQ4R57,2021-12-10,green,17.0,green,95.0
2211,1103,Maschhoff_TPLJ_RM2_W,MO201301-MLJQ4R57,2021-12-11,green,16.5,green,89.0
2212,1103,Maschhoff_TPLJ_RM2_W,MO201301-MLJQ4R57,2021-12-12,green,16.5,green,91.0
2213,1103,Maschhoff_TPLJ_RM2_W,MO201301-MLJQ4R57,2021-12-13,green,17.0,green,96.0
2214,1103,Maschhoff_TPLJ_RM2_W,MO201301-MLJQ4R57,2021-12-14,green,17.5,green,98.0
2215,1103,Maschhoff_TPLJ_RM2_W,MO201301-MLJQ4R57,2021-12-15,yellow,20.5,green,99.0
2216,1103,Maschhoff_TPLJ_RM2_W,MO201301-MLJQ4R57,2021-12-16,yellow,16.5,green,97.0
2217,1103,Maschhoff_TPLJ_RM2_W,MO201301-MLJQ4R57,2021-12-17,green,16.0,green,96.0
2218,1103,Maschhoff_TPLJ_RM2_W,MO201301-MLJQ4R57,2021-12-18,yellow,16.0,green,96.0
2219,1103,Maschhoff_TPLJ_RM2_W,MO201301-MLJQ4R57,2021-12-19,green,16.5,green,96.0
2220,1103,Maschhoff_TPLJ_RM2_W,MO201301-MLJQ4R57,2021-12-20,yellow,17.0,green,97.0
2221,1103,Maschhoff_TPLJ_RM2_W,MO201301-MLJQ4R57,2021-12-21,yellow,16.5,green,97.0
2222,1103,Maschhoff_TPLJ_RM2_W,MO201301-MLJQ4R57,2021-12-22,green,17.0,green,98.0
2223,1103,Maschhoff_TPLJ_RM2_W,MO201301-MLJQ4R57,2021-12-23,green,17.5,green,99.0
2224,1103,Maschhoff_TPLJ_RM2_W,MO201301-MLJQ4R57,2021-12-24,green,17.5,green,97.0
2225,1103,Maschhoff_TPLJ_RM2_W,MO201301-MLJQ4R57,2021-12-25,red,17.0,green,97.0
2226,1103,Maschhoff_TPLJ_RM2_W,MO201301-MLJQ4R57,2021-12-26,green,16.5,green,96.0
2227,1103,Maschhoff_TPLJ_RM2_W,MO201301-MLJQ4R57,2021-12-27,yellow,17.0,green,99.0
2228,1103,Maschhoff_TPLJ_RM2_W,MO201301-MLJQ4R57,2021-12-28,yellow,16.5,green,98.0
2229,1103,Maschhoff_TPLJ_RM2_W,MO201301-MLJQ4R57,2021-12-29,red,15.5,green,96.0
2230,1103,Maschhoff_TPLJ_RM2_W,MO201301-MLJQ4R57,2021-12-30,yellow,16.5,green,98.0
2231,1103,Maschhoff_TPLJ_RM2_W,MO201301-MLJQ4R57,2021-12-31,yellow,17.0,green,98.0
2232,1103,Maschhoff_TPLJ_RM2_W,MO201301-MLJQ4R57,2022-01-01,green,16.0,green,97.0
2233,1103,Maschhoff_TPLJ_RM2_W,MO201301-MLJQ4R57,2022-01-02,yellow,15.5,green,94.0
2234,1103,Maschhoff_TPLJ_RM2_W,MO201301-MLJQ4R57,2022-01-03,green,15.5,green,91.0
2235,1103,Maschhoff_TPLJ_RM2_W,MO201301-MLJQ4R57,2022-01-04,green,16.5,green,80.0
2236,1103,Maschhoff_TPLJ_RM2_W,MO201301-MLJQ4R57,2022-01-05,green,14.0,green,92.0
2237,1103,Maschhoff_TPLJ_RM2_W,MO201301-MLJQ4R57,2022-01-06,green,15.0,green,91.0
2238,1103,Maschhoff_TPLJ_RM2_W,MO201301-MLJQ4R57,2022-01-07,yellow,15.0,green,97.0
2239,1103,Maschhoff_TPLJ_RM2_W,MO201301-MLJQ4R57,2022-01-08,green,16.0,green,97.0
2240,1103,Maschhoff_TPLJ_RM2_W,MO201301-MLJQ4R57,2022-01-09,green,15.0,green,97.0
2241,1103,Maschhoff_TPLJ_RM2_W,MO201301-MLJQ4R57,2022-01-10,green,16.0,green,96.0
2242,1103,Maschhoff_TPLJ_RM2_W,MO201301-MLJQ4R57,2022-01-11,yellow,16.0,green,96.0
2243,1103,Maschhoff_TPLJ_RM2_W,MO201301-MLJQ4R57,2022-01-12,yellow,17.0,green,97.0
2244,1103,Maschhoff_TPLJ_RM2_W,MO201301-MLJQ4R57,2022-01-13,yellow,17.0,green,96.0
2245,1103,Maschhoff_TPLJ_RM2_W,MO201301-MLJQ4R57,2022-01-14,red,17.0,green,94.0
2246,1103,Maschhoff_TPLJ_RM2_W,MO201301-MLJQ4R57,2022-01-15,yellow,15.5,green,93.0
2247,1103,Maschhoff_TPLJ_RM2_W,MO201301-MLJQ4R57,2022-01-16,yellow,17.0,green,91.0
2248,1103,Maschhoff_TPLJ_RM2_W,MO201301-MLJQ4R57,2022-01-17,red,17.0,green,97.0
2249,1103,Maschhoff_TPLJ_RM2_W,MO201301-MLJQ4R57,2022-01-18,green,19.0,green,94.0
2250,1103,Maschhoff_TPLJ_RM2_W,MO201301-MLJQ4R57,2022-01-19,green,16.0,green,93.0
2251,1103,Maschhoff_TPLJ_RM2_W,MO201301-MLJQ4R57,2022-01-20,green,17.0,green,93.0
2252,1103,Maschhoff_TPLJ_RM2_W,MO201301-MLJQ4R57,2022-01-21,green,16.0,green,90.0
2253,1103,Maschhoff_TPLJ_RM2_W,MO201301-MLJQ4R57,2022-01-22,green,16.0,green,95.0
2254,1103,Maschhoff_TPLJ_RM2_W,MO201301-MLJQ4R57,2022-01-23,green,15.0,green,96.0
2255,1103,Maschhoff_TPLJ_RM2_W,MO201301-MLJQ4R57,2022-01-24,green,15.5,green,96.0
2256,1103,Maschhoff_TPLJ_RM2_W,MO201301-MLJQ4R57,2022-01-25,green,16.0,green,92.0
2257,1103,Maschhoff_TPLJ_RM2_W,MO201301-MLJQ4R57,2022-01-26,green,16.0,green,94.0
2258,1103,Maschhoff_TPLJ_RM2_W,MO201301-MLJQ4R57,2022-01-27,green,16.5,green,96.0
2259,1103,Maschhoff_TPLJ_RM2_W,MO201301-MLJQ4R57,2022-01-28,green,16.0,green,95.0
2260,1103,Maschhoff_TPLJ_RM2_W,MO201301-MLJQ4R57,2022-01-29,green,16.5,green,97.0
2261,1103,Maschhoff_TPLJ_RM2_W,MO201301-MLJQ4R57,2022-01-30,green,16.0,green,97.0
2262,1103,Maschhoff_TPLJ_RM2_W,MO201301-MLJQ4R57,2022-01-31,green,17.0,green,93.0
2263,1103,Maschhoff_TPLJ_RM2_W,MO201301-MLJQ4R57,2022-02-01,blue,18.0,blue,
2264,1103,Maschhoff_TPLJ_RM2_W,MO201301-MLJQ4R57,2022-02-02,blue,,blue,
2265,1103,Maschhoff_TPLJ_RM2_W,MO201301-MLJQ4R57,2022-02-03,blue,,blue,
2266,1103,Maschhoff_TPLJ_RM2_W,MO201301-MLJQ4R57,2022-02-04,blue,,blue,
2267,1103,Maschhoff_TPLJ_RM2_W,MO201301-MLJQ4R57,2022-02-05,blue,,blue,
2268,1103,Maschhoff_TPLJ_RM2_W,MO201301-MLJQ4R57,2022-02-06,blue,,blue,
2269,1103,Maschhoff_TPLJ_RM2_W,MO201301-MLJQ4R57,2022-02-07,blue,30.0,blue,
2270,1103,Maschhoff_TPLJ_RM2_W,MO201301-MLJQ4R57,2022-02-08,blue,,blue,
2271,1103,Maschhoff_TPLJ_RM2_W,MO201301-MLJQ4R57,2022-02-09,blue,,blue,
2272,1103,Maschhoff_TPLJ_RM2_W,MO201301-MLJQ4R57,2022-02-10,blue,,blue,
2273,1103,Maschhoff_TPLJ_RM2_W,MO201301-MLJQ4R57,2022-02-11,blue,,blue,
2274,1103,Maschhoff_TPLJ_RM2_W,MO201301-MLJQ4R57,2022-02-12,blue,,blue,
2275,1103,Maschhoff_TPLJ_RM2_W,MO201301-MLJQ4R57,2022-02-13,blue,,blue,
2276,1103,Maschhoff_TPLJ_RM2_W,MO201301-MLJQ4R57,2022-02-14,blue,,blue,
2277,1103,Maschhoff_TPLJ_RM2_W,MO201301-MLJQ4R57,2022-02-15,blue,,blue,
2278,1103,Maschhoff_TPLJ_RM2_W,MO201301-MLJQ4R57,2022-02-16,blue,,blue,
2279,1103,Maschhoff_TPLJ_RM2_W,MO201301-MLJQ4R57,2022-02-17,blue,,blue,
2280,1103,Maschhoff_TPLJ_RM2_W,MO201301-MLJQ4R57,2022-02-18,blue,,blue,
2281,1103,Maschhoff_TPLJ_RM2_W,MO201301-MLJQ4R57,2022-02-19,blue,,blue,
2282,1103,Maschhoff_TPLJ_RM2_W,MO201301-MLJQ4R57,2022-02-20,blue,,blue,
2283,1103,Maschhoff_TPLJ_RM2_W,MO201301-MLJQ4R57,2022-02-21,blue,,blue,
2284,1103,Maschhoff_TPLJ_RM2_W,MO201301-MLJQ4R57,2022-02-22,blue,,blue,
2285,1103,Maschhoff_TPLJ_RM2_W,MO201301-MLJQ4R57,2022-02-23,blue,,blue,
2286,1103,Maschhoff_TPLJ_RM2_W,MO201301-MLJQ4R57,2022-02-24,blue,,blue,
2287,1103,Maschhoff_TPLJ_RM2_W,MO201301-MLJQ4R57,2022-02-25,blue,,blue,
2288,1103,Maschhoff_TPLJ_RM2_W,MO201301-MLJQ4R57,2022-02-26,blue,,blue,
2289,1103,Maschhoff_TPLJ_RM2_W,MO201301-MLJQ4R57,2022-02-27,blue,,blue,
2290,1103,Maschhoff_TPLJ_RM2_W,MO201301-MLJQ4R57,2022-02-28,blue,,blue,
2291,1103,Maschhoff_TPLJ_RM2_W,MO201301-MLJQ4R57,2022-03-01,blue,,blue,
2292,1103,Maschhoff_TPLJ_RM2_W,MO201301-MLJQ4R57,2022-03-02,blue,,blue,
2293,1103,Maschhoff_TPLJ_RM2_W,MO201301-MLJQ4R57,2022-03-03,blue,,blue,
2294,1103,Maschhoff_TPLJ_RM2_W,MO201301-MLJQ4R57,2022-03-04,blue,,blue,
2295,1103,Maschhoff_TPLJ_RM2_W,MO201301-MLJQ4R57,2022-03-05,blue,,blue,
2296,1103,Maschhoff_TPLJ_RM2_W,MO201301-MLJQ4R57,2022-03-06,blue,,blue,
2297,1103,Maschhoff_TPLJ_RM2_W,MO201301-MLJQ4R57,2022-03-07,blue,,blue,
2298,1103,Maschhoff_TPLJ_RM2_W,MO201301-MLJQ4R57,2022-03-08,blue,,blue,
2299,1103,Maschhoff_TPLJ_RM2_W,MO201301-MLJQ4R57,2022-03-09,blue,,blue,
2300,1103,Maschhoff_TPLJ_RM2_W,MO201301-MLJQ4R57,2022-03-10,blue,,blue,
2301,1103,Maschhoff_TPLJ_RM2_W,MO201301-MLJQ4R57,2022-03-11,blue,,blue,
2302,1103,Maschhoff_TPLJ_RM2_W,MO201301-MLJQ4R57,2022-03-12,blue,,blue,
2303,1103,Maschhoff_TPLJ_RM2_W,MO201301-MLJQ4R57,2022-03-13,blue,,blue,
2304,1103,Maschhoff_TPLJ_RM2_W,MO201301-MLJQ4R57,2022-03-14,blue,,blue,
2305,1103,Maschhoff_TPLJ_RM2_W,MO201301-MLJQ4R57,2022-03-15,blue,,blue,
2306,1103,Maschhoff_TPLJ_RM2_W,MO201301-MLJQ4R57,2022-03-16,blue,,blue,
2307,1103,Maschhoff_TPLJ_RM2_W,MO201301-MLJQ4R57,2022-03-17,blue,,blue,
2308,1103,Maschhoff_TPLJ_RM2_W,MO201301-MLJQ4R57,2022-03-18,green,23.0,blue,
2309,1103,Maschhoff_TPLJ_RM2_W,MO201301-MLJQ4R57,2022-03-19,green,23.5,green,77.0
2310,1103,Maschhoff_TPLJ_RM2_W,MO201301-MLJQ4R57,2022-03-20,green,24.0,green,72.0
2311,1103,Maschhoff_TPLJ_RM2_W,MO201301-MLJQ4R57,2022-03-21,green,23.5,green,76.0
2312,1103,Maschhoff_TPLJ_RM2_W,MO201301-MLJQ4R57,2022-03-22,green,22.0,green,75.0
2313,1103,Maschhoff_TPLJ_RM2_W,MO201301-MLJQ4R57,2022-03-23,green,22.5,green,81.0
2314,1103,Maschhoff_TPLJ_RM2_W,MO201301-MLJQ4R57,2022-03-24,green,22.5,green,83.0
2315,1103,Maschhoff_TPLJ_RM2_W,MO201301-MLJQ4R57,2022-03-25,green,22.5,green,85.0
2316,1103,Maschhoff_TPLJ_RM2_W,MO201301-MLJQ4R57,2022-03-26,green,22.5,green,88.0
2317,1103,Maschhoff_TPLJ_RM2_W,MO201301-MLJQ4R57,2022-03-27,green,22.0,green,86.0
2318,1103,Maschhoff_TPLJ_RM2_W,MO201301-MLJQ4R57,2022-03-28,green,22.0,green,89.0
2319,1103,Maschhoff_TPLJ_RM2_W,MO201301-MLJQ4R57,2022-03-29,green,22.0,green,86.0
2320,1103,Maschhoff_TPLJ_RM2_W,MO201301-MLJQ4R57,2022-03-30,green,21.5,green,88.0
2321,1103,Maschhoff_TPLJ_RM2_W,MO201301-MLJQ4R57,2022-03-31,green,21.5,green,92.0
2322,1103,Maschhoff_TPLJ_RM2_W,MO201301-MLJQ4R57,2022-04-01,green,22.0,green,88.0
2323,1103,Maschhoff_TPLJ_RM2_W,MO201301-MLJQ4R57,2022-04-02,green,21.5,green,85.0
2324,1103,Maschhoff_TPLJ_RM2_W,MO201301-MLJQ4R57,2022-04-03,green,21.5,green,85.0
2325,1103,Maschhoff_TPLJ_RM2_W,MO201301-MLJQ4R57,2022-04-04,green,21.5,green,81.0
2326,1103,Maschhoff_TPLJ_RM2_W,MO201301-MLJQ4R57,2022-04-05,green,21.5,yellow,56.0
2327,1103,Maschhoff_TPLJ_RM2_W,MO201301-MLJQ4R57,2022-04-06,green,20.5,red,29.0
2328,1103,Maschhoff_TPLJ_RM2_W,MO201301-MLJQ4R57,2022-04-07,green,20.0,red,35.0
2329,1103,Maschhoff_TPLJ_RM2_W,MO201301-MLJQ4R57,2022-04-08,green,20.5,red,32.0
2330,1103,Maschhoff_TPLJ_RM2_W,MO201301-MLJQ4R57,2022-04-09,green,21.5,red,28.0
2331,1103,Maschhoff_TPLJ_RM2_W,MO201301-MLJQ4R57,2022-04-10,green,22.0,red,38.0
2332,1103,Maschhoff_TPLJ_RM2_W,MO201301-MLJQ4R57,2022-04-11,green,21.5,red,33.0
2333,1103,Maschhoff_TPLJ_RM2_W,MO201301-MLJQ4R57,2022-04-12,green,22.5,yellow,59.0
2334,1103,Maschhoff_TPLJ_RM2_W,MO201301-MLJQ4R57,2022-04-13,green,21.0,yellow,56.0
2335,1103,Maschhoff_TPLJ_RM2_W,MO201301-MLJQ4R57,2022-04-14,green,20.0,yellow,55.0
2336,1103,Maschhoff_TPLJ_RM2_W,MO201301-MLJQ4R57,2022-04-15,green,20.0,green,66.0
2337,1103,Maschhoff_TPLJ_RM2_W,MO201301-MLJQ4R57,2022-04-16,green,19.5,green,68.0
2338,1103,Maschhoff_TPLJ_RM2_W,MO201301-MLJQ4R57,2022-04-17,green,20.0,yellow,59.0
2339,1103,Maschhoff_TPLJ_RM2_W,MO201301-MLJQ4R57,2022-04-18,green,19.0,yellow,56.0
2340,1103,Maschhoff_TPLJ_RM2_W,MO201301-MLJQ4R57,2022-04-19,green,19.0,green,61.0
2341,1103,Maschhoff_TPLJ_RM2_W,MO201301-MLJQ4R57,2022-04-20,green,19.0,green,71.0
2342,1103,Maschhoff_TPLJ_RM2_W,MO201301-MLJQ4R57,2022-04-21,green,21.0,green,78.0
2343,1103,Maschhoff_TPLJ_RM2_W,MO201301-MLJQ4R57,2022-04-22,green,22.0,green,94.0
2344,1103,Maschhoff_TPLJ_RM2_W,MO201301-MLJQ4R57,2022-04-23,yellow,23.0,green,97.0
2345,1103,Maschhoff_TPLJ_RM2_W,MO201301-MLJQ4R57,2022-04-24,green,19.0,green,88.0
2346,1103,Maschhoff_TPLJ_RM2_W,MO201301-MLJQ4R57,2022-04-25,green,18.5,green,92.0
2347,1103,Maschhoff_TPLJ_RM2_W,MO201301-MLJQ4R57,2022-04-26,green,19.5,green,85.0
2348,1103,Maschhoff_TPLJ_RM2_W,MO201301-MLJQ4R57,2022-04-27,green,19.5,green,94.0
2349,1103,Maschhoff_TPLJ_RM2_W,MO201301-MLJQ4R57,2022-04-28,green,20.5,green,94.0
2350,1103,Maschhoff_TPLJ_RM2_W,MO201301-MLJQ4R57,2022-04-29,green,20.0,green,96.0
2351,1103,Maschhoff_TPLJ_RM2_W,MO201301-MLJQ4R57,2022-04-30,green,19.0,green,96.0
2352,1103,Maschhoff_TPLJ_RM2_W,MO201301-MLJQ4R57,2022-05-01,green,18.5,green,96.0
2353,1103,Maschhoff_TPLJ_RM2_W,MO201301-MLJQ4R57,2022-05-02,green,17.5,green,98.0
2354,1103,Maschhoff_TPLJ_RM2_W,MO201301-MLJQ4R57,2022-05-03,green,18.0,green,95.0
2355,1103,Maschhoff_TPLJ_RM2_W,MO201301-MLJQ4R57,2022-05-04,green,18.0,green,96.0
2356,1103,Maschhoff_TPLJ_RM2_W,MO201301-MLJQ4R57,2022-05-05,green,18.5,green,97.0
2357,1103,Maschhoff_TPLJ_RM2_W,MO201301-MLJQ4R57,2022-05-06,yellow,19.5,green,97.0
2358,1103,Maschhoff_TPLJ_RM2_W,MO201301-MLJQ4R57,2022-05-07,green,20.5,green,96.0
2359,1103,Maschhoff_TPLJ_RM2_W,MO201301-MLJQ4R57,2022-05-08,green,19.0,green,96.0
2360,1103,Maschhoff_TPLJ_RM2_W,MO201301-MLJQ4R57,2022-05-09,red,25.0,green,99.0
2361,1103,Maschhoff_TPLJ_RM2_W,MO201301-MLJQ4R57,2022-05-10,green,22.5,green,99.0
2362,1103,Maschhoff_TPLJ_RM2_W,MO201301-MLJQ4R57,2022-05-11,yellow,27.5,green,98.0
2363,1103,Maschhoff_TPLJ_RM2_W,MO201301-MLJQ4R57,2022-05-12,red,28.0,green,99.0
2364,1103,Maschhoff_TPLJ_RM2_W,MO201301-MLJQ4R57,2022-05-13,red,22.5,green,96.0
2365,1103,Maschhoff_TPLJ_RM2_W,MO201301-MLJQ4R57,2022-05-14,yellow,22.5,green,
2366,1103,Maschhoff_TPLJ_RM2_W,MO201301-MLJQ4R57,2022-05-14,yellow,22.0,green,95.0
2367,1103,Maschhoff_TPLJ_RM2_W,MO201301-MLJQ4R57,2022-05-15,yellow,20.5,green,97.0
2368,1103,Maschhoff_TPLJ_RM2_W,MO201301-MLJQ4R57,2022-05-16,yellow,22.0,green,97.0
2369,1103,Maschhoff_TPLJ_RM2_W,MO201301-MLJQ4R57,2022-05-17,green,20.0,green,96.0
2370,1103,Maschhoff_TPLJ_RM2_W,MO201301-MLJQ4R57,2022-05-18,yellow,22.5,green,99.0
2371,1103,Maschhoff_TPLJ_RM2_W,MO201301-MLJQ4R57,2022-05-19,red,25.0,green,99.0
2372,1103,Maschhoff_TPLJ_RM2_W,MO201301-MLJQ4R57,2022-05-20,yellow,19.5,green,99.0
2373,1103,Maschhoff_TPLJ_RM2_W,MO201301-MLJQ4R57,2022-05-21,green,18.0,green,95.0
2374,1103,Maschhoff_TPLJ_RM2_W,MO201301-MLJQ4R57,2022-05-22,yellow,18.5,green,97.0
2375,1103,Maschhoff_TPLJ_RM2_W,MO201301-MLJQ4R57,2022-05-23,green,19.0,green,97.0
2376,1103,Maschhoff_TPLJ_RM2_W,MO201301-MLJQ4R57,2022-05-24,green,18.5,green,92.0
2377,1103,Maschhoff_TPLJ_RM2_W,MO201301-MLJQ4R57,2022-05-25,green,17.5,green,97.0
2378,1103,Maschhoff_TPLJ_RM2_W,MO201301-MLJQ4R57,2022-05-26,green,18.0,green,94.0
2379,1103,Maschhoff_TPLJ_RM2_W,MO201301-MLJQ4R57,2022-05-27,green,21.0,green,96.0
2380,1103,Maschhoff_TPLJ_RM2_W,MO201301-MLJQ4R57,2022-05-28,yellow,25.0,green,99.0
2381,1103,Maschhoff_TPLJ_RM2_W,MO201301-MLJQ4R57,2022-05-29,green,26.0,green,98.0
2382,1103,Maschhoff_TPLJ_RM2_W,MO201301-MLJQ4R57,2022-05-30,yellow,25.5,green,87.0
2383,1103,Maschhoff_TPLJ_RM2_W,MO201301-MLJQ4R57,2022-05-31,yellow,22.0,yellow,42.0
2384,1103,Maschhoff_TPLJ_RM2_W,MO201301-MLJQ4R57,2022-06-01,yellow,20.5,green,82.0
2385,1103,Maschhoff_TPLJ_RM2_W,MO201301-MLJQ4R57,2022-06-02,red,21.0,green,79.0
2386,1103,Maschhoff_TPLJ_RM2_W,MO201301-MLJQ4R57,2022-06-03,yellow,22.0,green,67.0
2387,1103,Maschhoff_TPLJ_RM2_W,MO201301-MLJQ4R57,2022-06-04,green,21.0,green,91.0
2388,1103,Maschhoff_TPLJ_RM2_W,MO201301-MLJQ4R57,2022-06-05,green,22.5,green,93.0
2389,1103,Maschhoff_TPLJ_RM2_W,MO201301-MLJQ4R57,2022-06-06,green,22.0,green,98.0
2390,1103,Maschhoff_TPLJ_RM2_W,MO201301-MLJQ4R57,2022-06-07,green,22.0,green,99.0
2391,1103,Maschhoff_TPLJ_RM2_W,MO201301-MLJQ4R57,2022-06-08,yellow,22.0,green,99.0
2392,1103,Maschhoff_TPLJ_RM2_W,MO201301-MLJQ4R57,2022-06-09,green,21.5,green,99.0
2393,1103,Maschhoff_TPLJ_RM2_W,MO201301-MLJQ4R57,2022-06-10,green,22.5,green,98.0
2394,1103,Maschhoff_TPLJ_RM2_W,MO201301-MLJQ4R57,2022-06-11,yellow,24.5,green,96.0
2395,1103,Maschhoff_TPLJ_RM2_W,MO201301-MLJQ4R57,2022-06-12,yellow,26.5,green,98.0
2396,1103,Maschhoff_TPLJ_RM2_W,MO201301-MLJQ4R57,2022-06-13,yellow,30.0,green,98.0
2397,1103,Maschhoff_TPLJ_RM2_W,MO201301-MLJQ4R57,2022-06-14,red,30.5,green,98.0
2398,1103,Maschhoff_TPLJ_RM2_W,MO201301-MLJQ4R57,2022-06-15,green,23.0,green,99.0
2399,1103,Maschhoff_TPLJ_RM2_W,MO201301-MLJQ4R57,2022-06-16,red,25.0,green,99.0
800,1330,Maschhoff_TPLJ_RM1_W,MO201601-CM9R2MZ9,2021-05-15,yellow,,green,
801,1330,Maschhoff_TPLJ_RM1_W,MO201601-CM9R2MZ9,2021-05-16,green,,green,
802,1330,Maschhoff_TPLJ_RM1_W,MO201601-CM9R2MZ9,2021-05-17,green,,green,
803,1330,Maschhoff_TPLJ_RM1_W,MO201601-CM9R2MZ9,2021-05-18,green,,green,
804,1330,Maschhoff_TPLJ_RM1_W,MO201601-CM9R2MZ9,2021-05-19,yellow,,green,
805,1330,Maschhoff_TPLJ_RM1_W,MO201601-CM9R2MZ9,2021-05-20,green,,green,
806,1330,Maschhoff_TPLJ_RM1_W,MO201601-CM9R2MZ9,2021-05-21,yellow,,green,
807,1330,Maschhoff_TPLJ_RM1_W,MO201601-CM9R2MZ9,2021-05-22,yellow,,green,
808,1330,Maschhoff_TPLJ_RM1_W,MO201601-CM9R2MZ9,2021-05-23,yellow,,green,
809,1330,Maschhoff_TPLJ_RM1_W,MO201601-CM9R2MZ9,2021-05-24,yellow,,green,
810,1330,Maschhoff_TPLJ_RM1_W,MO201601-CM9R2MZ9,2021-05-25,red,,green,
811,1330,Maschhoff_TPLJ_RM1_W,MO201601-CM9R2MZ9,2021-05-26,yellow,,green,
812,1330,Maschhoff_TPLJ_RM1_W,MO201601-CM9R2MZ9,2021-05-27,green,,green,
813,1330,Maschhoff_TPLJ_RM1_W,MO201601-CM9R2MZ9,2021-05-28,green,,green,
814,1330,Maschhoff_TPLJ_RM1_W,MO201601-CM9R2MZ9,2021-05-29,green,,green,
815,1330,Maschhoff_TPLJ_RM1_W,MO201601-CM9R2MZ9,2021-05-30,green,,green,
816,1330,Maschhoff_TPLJ_RM1_W,MO201601-CM9R2MZ9,2021-05-31,yellow,,green,
817,1330,Maschhoff_TPLJ_RM1_W,MO201601-CM9R2MZ9,2021-06-01,red,,green,
818,1330,Maschhoff_TPLJ_RM1_W,MO201601-CM9R2MZ9,2021-06-02,red,,green,
819,1330,Maschhoff_TPLJ_RM1_W,MO201601-CM9R2MZ9,2021-06-03,yellow,,green,
820,1330,Maschhoff_TPLJ_RM1_W,MO201601-CM9R2MZ9,2021-06-04,yellow,,green,
821,1330,Maschhoff_TPLJ_RM1_W,MO201601-CM9R2MZ9,2021-06-05,yellow,,green,
822,1330,Maschhoff_TPLJ_RM1_W,MO201601-CM9R2MZ9,2021-06-06,green,,green,
823,1330,Maschhoff_TPLJ_RM1_W,MO201601-CM9R2MZ9,2021-06-07,yellow,,green,
824,1330,Maschhoff_TPLJ_RM1_W,MO201601-CM9R2MZ9,2021-06-08,yellow,,green,
825,1330,Maschhoff_TPLJ_RM1_W,MO201601-CM9R2MZ9,2021-06-09,yellow,,green,
826,1330,Maschhoff_TPLJ_RM1_W,MO201601-CM9R2MZ9,2021-06-10,yellow,,green,
827,1330,Maschhoff_TPLJ_RM1_W,MO201601-CM9R2MZ9,2021-06-11,yellow,,green,
828,1330,Maschhoff_TPLJ_RM1_W,MO201601-CM9R2MZ9,2021-06-12,red,,green,
829,1330,Maschhoff_TPLJ_RM1_W,MO201601-CM9R2MZ9,2021-06-13,red,,green,
830,1330,Maschhoff_TPLJ_RM1_W,MO201601-CM9R2MZ9,2021-06-14,red,,green,
831,1330,Maschhoff_TPLJ_RM1_W,MO201601-CM9R2MZ9,2021-06-15,red,,green,
832,1330,Maschhoff_TPLJ_RM1_W,MO201601-CM9R2MZ9,2021-06-16,red,,green,
833,1330,Maschhoff_TPLJ_RM1_W,MO201601-CM9R2MZ9,2021-06-17,red,,green,
834,1330,Maschhoff_TPLJ_RM1_W,MO201601-CM9R2MZ9,2021-06-18,red,,green,
835,1330,Maschhoff_TPLJ_RM1_W,MO201601-CM9R2MZ9,2021-06-19,yellow,,green,
836,1330,Maschhoff_TPLJ_RM1_W,MO201601-CM9R2MZ9,2021-06-20,red,,green,
837,1330,Maschhoff_TPLJ_RM1_W,MO201601-CM9R2MZ9,2021-06-21,yellow,,green,
838,1330,Maschhoff_TPLJ_RM1_W,MO201601-CM9R2MZ9,2021-06-22,red,,green,
839,1330,Maschhoff_TPLJ_RM1_W,MO201601-CM9R2MZ9,2021-06-23,yellow,,green,
840,1330,Maschhoff_TPLJ_RM1_W,MO201601-CM9R2MZ9,2021-06-24,green,,green,
841,1330,Maschhoff_TPLJ_RM1_W,MO201601-CM9R2MZ9,2021-06-25,blue,,blue,
842,1330,Maschhoff_TPLJ_RM1_W,MO201601-CM9R2MZ9,2021-06-26,blue,,blue,
843,1330,Maschhoff_TPLJ_RM1_W,MO201601-CM9R2MZ9,2021-06-27,blue,,blue,
844,1330,Maschhoff_TPLJ_RM1_W,MO201601-CM9R2MZ9,2021-06-28,blue,,blue,
845,1330,Maschhoff_TPLJ_RM1_W,MO201601-CM9R2MZ9,2021-06-29,blue,,blue,
846,1330,Maschhoff_TPLJ_RM1_W,MO201601-CM9R2MZ9,2021-06-30,blue,,blue,
847,1330,Maschhoff_TPLJ_RM1_W,MO201601-CM9R2MZ9,2021-07-01,blue,,blue,
848,1330,Maschhoff_TPLJ_RM1_W,MO201601-CM9R2MZ9,2021-07-02,blue,,blue,
849,1330,Maschhoff_TPLJ_RM1_W,MO201601-CM9R2MZ9,2021-07-03,blue,,blue,
850,1330,Maschhoff_TPLJ_RM1_W,MO201601-CM9R2MZ9,2021-07-04,blue,,blue,
851,1330,Maschhoff_TPLJ_RM1_W,MO201601-CM9R2MZ9,2021-07-05,blue,,blue,
852,1330,Maschhoff_TPLJ_RM1_W,MO201601-CM9R2MZ9,2021-07-06,blue,,blue,
853,1330,Maschhoff_TPLJ_RM1_W,MO201601-CM9R2MZ9,2021-07-07,blue,,blue,
854,1330,Maschhoff_TPLJ_RM1_W,MO201601-CM9R2MZ9,2021-07-08,blue,,blue,
855,1330,Maschhoff_TPLJ_RM1_W,MO201601-CM9R2MZ9,2021-07-09,blue,,blue,
856,1330,Maschhoff_TPLJ_RM1_W,MO201601-CM9R2MZ9,2021-07-10,blue,,blue,
857,1330,Maschhoff_TPLJ_RM1_W,MO201601-CM9R2MZ9,2021-07-11,blue,,blue,
858,1330,Maschhoff_TPLJ_RM1_W,MO201601-CM9R2MZ9,2021-07-12,blue,,blue,
859,1330,Maschhoff_TPLJ_RM1_W,MO201601-CM9R2MZ9,2021-07-13,blue,,blue,
860,1330,Maschhoff_TPLJ_RM1_W,MO201601-CM9R2MZ9,2021-07-14,blue,,blue,
861,1330,Maschhoff_TPLJ_RM1_W,MO201601-CM9R2MZ9,2021-07-15,blue,,blue,
862,1330,Maschhoff_TPLJ_RM1_W,MO201601-CM9R2MZ9,2021-07-16,blue,,blue,
863,1330,Maschhoff_TPLJ_RM1_W,MO201601-CM9R2MZ9,2021-07-17,blue,,blue,
864,1330,Maschhoff_TPLJ_RM1_W,MO201601-CM9R2MZ9,2021-07-18,blue,,blue,
865,1330,Maschhoff_TPLJ_RM1_W,MO201601-CM9R2MZ9,2021-07-19,blue,,blue,
866,1330,Maschhoff_TPLJ_RM1_W,MO201601-CM9R2MZ9,2021-07-20,blue,,blue,
867,1330,Maschhoff_TPLJ_RM1_W,MO201601-CM9R2MZ9,2021-07-21,blue,,blue,
868,1330,Maschhoff_TPLJ_RM1_W,MO201601-CM9R2MZ9,2021-07-22,blue,,blue,
869,1330,Maschhoff_TPLJ_RM1_W,MO201601-CM9R2MZ9,2021-07-23,blue,,blue,
870,1330,Maschhoff_TPLJ_RM1_W,MO201601-CM9R2MZ9,2021-07-24,blue,,blue,
871,1330,Maschhoff_TPLJ_RM1_W,MO201601-CM9R2MZ9,2021-07-25,blue,,blue,
872,1330,Maschhoff_TPLJ_RM1_W,MO201601-CM9R2MZ9,2021-07-26,yellow,,blue,
873,1330,Maschhoff_TPLJ_RM1_W,MO201601-CM9R2MZ9,2021-07-27,yellow,30.0,blue,
874,1330,Maschhoff_TPLJ_RM1_W,MO201601-CM9R2MZ9,2021-07-28,green,29.0,green,98.0
875,1330,Maschhoff_TPLJ_RM1_W,MO201601-CM9R2MZ9,2021-07-29,yellow,27.5,green,98.0
876,1330,Maschhoff_TPLJ_RM1_W,MO201601-CM9R2MZ9,2021-07-30,green,22.5,green,98.0
877,1330,Maschhoff_TPLJ_RM1_W,MO201601-CM9R2MZ9,2021-07-31,yellow,24.0,green,96.0
878,1330,Maschhoff_TPLJ_RM1_W,MO201601-CM9R2MZ9,2021-08-01,yellow,22.0,green,98.0
879,1330,Maschhoff_TPLJ_RM1_W,MO201601-CM9R2MZ9,2021-08-02,green,17.5,blue,
880,1330,Maschhoff_TPLJ_RM1_W,MO201601-CM9R2MZ9,2021-08-03,green,,blue,
881,1330,Maschhoff_TPLJ_RM1_W,MO201601-CM9R2MZ9,2021-08-04,green,,blue,
882,1330,Maschhoff_TPLJ_RM1_W,MO201601-CM9R2MZ9,2021-08-05,green,,blue,
883,1330,Maschhoff_TPLJ_RM1_W,MO201601-CM9R2MZ9,2021-08-06,green,,blue,
884,1330,Maschhoff_TPLJ_RM1_W,MO201601-CM9R2MZ9,2021-08-07,green,,blue,
885,1330,Maschhoff_TPLJ_RM1_W,MO201601-CM9R2MZ9,2021-08-08,green,,blue,
886,1330,Maschhoff_TPLJ_RM1_W,MO201601-CM9R2MZ9,2021-08-09,green,,blue,
887,1330,Maschhoff_TPLJ_RM1_W,MO201601-CM9R2MZ9,2021-08-10,green,,blue,
888,1330,Maschhoff_TPLJ_RM1_W,MO201601-CM9R2MZ9,2021-08-11,green,,blue,
889,1330,Maschhoff_TPLJ_RM1_W,MO201601-CM9R2MZ9,2021-08-12,green,,blue,
890,1330,Maschhoff_TPLJ_RM1_W,MO201601-CM9R2MZ9,2021-08-13,green,,blue,
891,1330,Maschhoff_TPLJ_RM1_W,MO201601-CM9R2MZ9,2021-08-14,green,,blue,
892,1330,Maschhoff_TPLJ_RM1_W,MO201601-CM9R2MZ9,2021-08-15,green,,blue,
893,1330,Maschhoff_TPLJ_RM1_W,MO201601-CM9R2MZ9,2021-08-16,green,,blue,
894,1330,Maschhoff_TPLJ_RM1_W,MO201601-CM9R2MZ9,2021-08-17,green,,blue,
895,1330,Maschhoff_TPLJ_RM1_W,MO201601-CM9R2MZ9,2021-08-18,green,,blue,
896,1330,Maschhoff_TPLJ_RM1_W,MO201601-CM9R2MZ9,2021-08-19,green,,blue,
897,1330,Maschhoff_TPLJ_RM1_W,MO201601-CM9R2MZ9,2021-08-20,green,,blue,
898,1330,Maschhoff_TPLJ_RM1_W,MO201601-CM9R2MZ9,2021-08-21,green,,blue,
899,1330,Maschhoff_TPLJ_RM1_W,MO201601-CM9R2MZ9,2021-08-22,green,,blue,
900,1330,Maschhoff_TPLJ_RM1_W,MO201601-CM9R2MZ9,2021-08-23,green,,blue,
901,1330,Maschhoff_TPLJ_RM1_W,MO201601-CM9R2MZ9,2021-08-24,green,,blue,
902,1330,Maschhoff_TPLJ_RM1_W,MO201601-CM9R2MZ9,2021-08-25,green,,blue,
903,1330,Maschhoff_TPLJ_RM1_W,MO201601-CM9R2MZ9,2021-08-26,green,,blue,
904,1330,Maschhoff_TPLJ_RM1_W,MO201601-CM9R2MZ9,2021-08-27,green,,blue,
905,1330,Maschhoff_TPLJ_RM1_W,MO201601-CM9R2MZ9,2021-08-28,green,,blue,
906,1330,Maschhoff_TPLJ_RM1_W,MO201601-CM9R2MZ9,2021-08-29,green,,blue,
907,1330,Maschhoff_TPLJ_RM1_W,MO201601-CM9R2MZ9,2021-08-30,green,28.5,blue,
908,1330,Maschhoff_TPLJ_RM1_W,MO201601-CM9R2MZ9,2021-08-31,green,26.0,green,88.0
909,1330,Maschhoff_TPLJ_RM1_W,MO201601-CM9R2MZ9,2021-09-01,green,25.5,green,90.0
910,1330,Maschhoff_TPLJ_RM1_W,MO201601-CM9R2MZ9,2021-09-02,green,26.0,green,84.0
911,1330,Maschhoff_TPLJ_RM1_W,MO201601-CM9R2MZ9,2021-09-03,green,26.0,green,84.0
912,1330,Maschhoff_TPLJ_RM1_W,MO201601-CM9R2MZ9,2021-09-04,green,26.0,green,79.0
913,1330,Maschhoff_TPLJ_RM1_W,MO201601-CM9R2MZ9,2021-09-05,green,26.5,green,80.0
914,1330,Maschhoff_TPLJ_RM1_W,MO201601-CM9R2MZ9,2021-09-06,green,27.0,green,83.0
915,1330,Maschhoff_TPLJ_RM1_W,MO201601-CM9R2MZ9,2021-09-07,green,26.5,green,90.0
916,1330,Maschhoff_TPLJ_RM1_W,MO201601-CM9R2MZ9,2021-09-08,yellow,25.0,green,72.0
917,1330,Maschhoff_TPLJ_RM1_W,MO201601-CM9R2MZ9,2021-09-09,green,24.5,green,69.0
918,1330,Maschhoff_TPLJ_RM1_W,MO201601-CM9R2MZ9,2021-09-10,yellow,26.0,green,73.0
919,1330,Maschhoff_TPLJ_RM1_W,MO201601-CM9R2MZ9,2021-09-11,green,27.5,green,80.0
920,1330,Maschhoff_TPLJ_RM1_W,MO201601-CM9R2MZ9,2021-09-12,green,25.5,green,92.0
921,1330,Maschhoff_TPLJ_RM1_W,MO201601-CM9R2MZ9,2021-09-13,yellow,26.0,green,90.0
922,1330,Maschhoff_TPLJ_RM1_W,MO201601-CM9R2MZ9,2021-09-14,green,24.5,green,93.0
923,1330,Maschhoff_TPLJ_RM1_W,MO201601-CM9R2MZ9,2021-09-15,green,25.0,green,81.0
924,1330,Maschhoff_TPLJ_RM1_W,MO201601-CM9R2MZ9,2021-09-16,green,27.0,green,94.0
925,1330,Maschhoff_TPLJ_RM1_W,MO201601-CM9R2MZ9,2021-09-17,green,24.5,green,88.0
926,1330,Maschhoff_TPLJ_RM1_W,MO201601-CM9R2MZ9,2021-09-18,green,25.5,green,77.0
927,1330,Maschhoff_TPLJ_RM1_W,MO201601-CM9R2MZ9,2021-09-19,green,27.5,green,96.0
928,1330,Maschhoff_TPLJ_RM1_W,MO201601-CM9R2MZ9,2021-09-20,green,24.0,green,88.0
929,1330,Maschhoff_TPLJ_RM1_W,MO201601-CM9R2MZ9,2021-09-21,green,22.5,green,66.0
930,1330,Maschhoff_TPLJ_RM1_W,MO201601-CM9R2MZ9,2021-09-22,green,22.5,green,68.0
931,1330,Maschhoff_TPLJ_RM1_W,MO201601-CM9R2MZ9,2021-09-23,yellow,23.5,yellow,55.0
932,1330,Maschhoff_TPLJ_RM1_W,MO201601-CM9R2MZ9,2021-09-24,green,22.0,green,77.0
933,1330,Maschhoff_TPLJ_RM1_W,MO201601-CM9R2MZ9,2021-09-25,yellow,23.5,yellow,52.0
934,1330,Maschhoff_TPLJ_RM1_W,MO201601-CM9R2MZ9,2021-09-26,red,24.5,green,91.0
935,1330,Maschhoff_TPLJ_RM1_W,MO201601-CM9R2MZ9,2021-09-27,red,25.0,green,74.0
936,1330,Maschhoff_TPLJ_RM1_W,MO201601-CM9R2MZ9,2021-09-28,yellow,26.0,green,75.0
937,1330,Maschhoff_TPLJ_RM1_W,MO201601-CM9R2MZ9,2021-09-29,green,25.5,green,86.0
938,1330,Maschhoff_TPLJ_RM1_W,MO201601-CM9R2MZ9,2021-09-30,green,25.5,green,75.0
939,1330,Maschhoff_TPLJ_RM1_W,MO201601-CM9R2MZ9,2021-10-01,yellow,24.5,green,81.0
940,1330,Maschhoff_TPLJ_RM1_W,MO201601-CM9R2MZ9,2021-10-02,green,23.0,green,75.0
941,1330,Maschhoff_TPLJ_RM1_W,MO201601-CM9R2MZ9,2021-10-03,yellow,23.5,green,76.0
942,1330,Maschhoff_TPLJ_RM1_W,MO201601-CM9R2MZ9,2021-10-04,yellow,22.5,yellow,48.0
943,1330,Maschhoff_TPLJ_RM1_W,MO201601-CM9R2MZ9,2021-10-05,yellow,22.5,yellow,55.0
944,1330,Maschhoff_TPLJ_RM1_W,MO201601-CM9R2MZ9,2021-10-06,yellow,22.5,green,76.0
945,1330,Maschhoff_TPLJ_RM1_W,MO201601-CM9R2MZ9,2021-10-07,yellow,23.5,green,89.0
946,1330,Maschhoff_TPLJ_RM1_W,MO201601-CM9R2MZ9,2021-10-08,green,24.0,green,77.0
947,1330,Maschhoff_TPLJ_RM1_W,MO201601-CM9R2MZ9,2021-10-09,green,24.5,green,90.0
948,1330,Maschhoff_TPLJ_RM1_W,MO201601-CM9R2MZ9,2021-10-10,green,21.5,green,86.0
949,1330,Maschhoff_TPLJ_RM1_W,MO201601-CM9R2MZ9,2021-10-11,yellow,21.0,green,78.0
950,1330,Maschhoff_TPLJ_RM1_W,MO201601-CM9R2MZ9,2021-10-12,green,21.5,green,78.0
951,1330,Maschhoff_TPLJ_RM1_W,MO201601-CM9R2MZ9,2021-10-13,green,22.0,green,91.0
952,1330,Maschhoff_TPLJ_RM1_W,MO201601-CM9R2MZ9,2021-10-14,green,19.5,green,84.0
953,1330,Maschhoff_TPLJ_RM1_W,MO201601-CM9R2MZ9,2021-10-15,green,19.0,green,71.0
954,1330,Maschhoff_TPLJ_RM1_W,MO201601-CM9R2MZ9,2021-10-16,yellow,19.0,green,77.0
955,1330,Maschhoff_TPLJ_RM1_W,MO201601-CM9R2MZ9,2021-10-17,yellow,20.0,green,88.0
956,1330,Maschhoff_TPLJ_RM1_W,MO201601-CM9R2MZ9,2021-10-18,green,21.0,green,92.0
957,1330,Maschhoff_TPLJ_RM1_W,MO201601-CM9R2MZ9,2021-10-19,green,22.0,green,96.0
958,1330,Maschhoff_TPLJ_RM1_W,MO201601-CM9R2MZ9,2021-10-20,green,20.5,green,98.0
959,1330,Maschhoff_TPLJ_RM1_W,MO201601-CM9R2MZ9,2021-10-21,green,16.5,green,87.0
960,1330,Maschhoff_TPLJ_RM1_W,MO201601-CM9R2MZ9,2021-10-22,green,18.5,green,72.0
961,1330,Maschhoff_TPLJ_RM1_W,MO201601-CM9R2MZ9,2021-10-23,green,21.0,green,70.0
962,1330,Maschhoff_TPLJ_RM1_W,MO201601-CM9R2MZ9,2021-10-24,green,19.5,green,77.0
963,1330,Maschhoff_TPLJ_RM1_W,MO201601-CM9R2MZ9,2021-10-25,green,20.0,green,84.0
964,1330,Maschhoff_TPLJ_RM1_W,MO201601-CM9R2MZ9,2021-10-26,green,20.5,green,77.0
965,1330,Maschhoff_TPLJ_RM1_W,MO201601-CM9R2MZ9,2021-10-27,green,20.5,green,90.0
966,1330,Maschhoff_TPLJ_RM1_W,MO201601-CM9R2MZ9,2021-10-28,green,18.5,green,77.0
967,1330,Maschhoff_TPLJ_RM1_W,MO201601-CM9R2MZ9,2021-10-29,yellow,18.0,green,80.0
968,1330,Maschhoff_TPLJ_RM1_W,MO201601-CM9R2MZ9,2021-10-30,green,19.0,green,78.0
969,1330,Maschhoff_TPLJ_RM1_W,MO201601-CM9R2MZ9,2021-10-31,green,17.0,yellow,54.0
970,1330,Maschhoff_TPLJ_RM1_W,MO201601-CM9R2MZ9,2021-11-01,yellow,17.5,yellow,45.0
971,1330,Maschhoff_TPLJ_RM1_W,MO201601-CM9R2MZ9,2021-11-02,yellow,18.0,red,22.0
972,1330,Maschhoff_TPLJ_RM1_W,MO201601-CM9R2MZ9,2021-11-03,yellow,17.5,red,19.0
973,1330,Maschhoff_TPLJ_RM1_W,MO201601-CM9R2MZ9,2021-11-04,green,19.5,red,31.0
974,1330,Maschhoff_TPLJ_RM1_W,MO201601-CM9R2MZ9,2021-11-05,green,19.0,yellow,51.0
975,1330,Maschhoff_TPLJ_RM1_W,MO201601-CM9R2MZ9,2021-11-06,green,20.0,green,79.0
976,1330,Maschhoff_TPLJ_RM1_W,MO201601-CM9R2MZ9,2021-11-07,green,20.0,green,82.0
977,1330,Maschhoff_TPLJ_RM1_W,MO201601-CM9R2MZ9,2021-11-08,green,18.5,green,87.0
978,1330,Maschhoff_TPLJ_RM1_W,MO201601-CM9R2MZ9,2021-11-09,yellow,18.5,green,84.0
979,1330,Maschhoff_TPLJ_RM1_W,MO201601-CM9R2MZ9,2021-11-10,green,18.5,green,87.0
980,1330,Maschhoff_TPLJ_RM1_W,MO201601-CM9R2MZ9,2021-11-11,yellow,17.5,green,89.0
981,1330,Maschhoff_TPLJ_RM1_W,MO201601-CM9R2MZ9,2021-11-12,yellow,16.0,green,88.0
982,1330,Maschhoff_TPLJ_RM1_W,MO201601-CM9R2MZ9,2021-11-13,yellow,16.0,green,
983,1330,Maschhoff_TPLJ_RM1_W,MO201601-CM9R2MZ9,2021-11-13,yellow,17.0,green,88.0
984,1330,Maschhoff_TPLJ_RM1_W,MO201601-CM9R2MZ9,2021-11-14,yellow,16.5,green,82.0
985,1330,Maschhoff_TPLJ_RM1_W,MO201601-CM9R2MZ9,2021-11-15,yellow,17.0,green,78.0
986,1330,Maschhoff_TPLJ_RM1_W,MO201601-CM9R2MZ9,2021-11-16,yellow,18.5,green,95.0
987,1330,Maschhoff_TPLJ_RM1_W,MO201601-CM9R2MZ9,2021-11-17,yellow,17.0,green,95.0
988,1330,Maschhoff_TPLJ_RM1_W,MO201601-CM9R2MZ9,2021-11-18,yellow,14.5,green,95.0
989,1330,Maschhoff_TPLJ_RM1_W,MO201601-CM9R2MZ9,2021-11-19,green,16.5,green,88.0
990,1330,Maschhoff_TPLJ_RM1_W,MO201601-CM9R2MZ9,2021-11-20,green,17.0,green,73.0
991,1330,Maschhoff_TPLJ_RM1_W,MO201601-CM9R2MZ9,2021-11-21,yellow,16.0,yellow,44.0
992,1330,Maschhoff_TPLJ_RM1_W,MO201601-CM9R2MZ9,2021-11-22,yellow,15.0,red,29.0
993,1330,Maschhoff_TPLJ_RM1_W,MO201601-CM9R2MZ9,2021-11-23,green,17.5,green,82.0
994,1330,Maschhoff_TPLJ_RM1_W,MO201601-CM9R2MZ9,2021-11-24,yellow,17.0,green,92.0
995,1330,Maschhoff_TPLJ_RM1_W,MO201601-CM9R2MZ9,2021-11-25,yellow,13.5,green,89.0
996,1330,Maschhoff_TPLJ_RM1_W,MO201601-CM9R2MZ9,2021-11-26,green,16.0,green,93.0
997,1330,Maschhoff_TPLJ_RM1_W,MO201601-CM9R2MZ9,2021-11-27,green,16.5,green,95.0
998,1330,Maschhoff_TPLJ_RM1_W,MO201601-CM9R2MZ9,2021-11-28,green,16.0,green,95.0
999,1330,Maschhoff_TPLJ_RM1_W,MO201601-CM9R2MZ9,2021-11-29,green,18.0,green,97.0
1000,1330,Maschhoff_TPLJ_RM1_W,MO201601-CM9R2MZ9,2021-11-30,green,17.5,green,96.0
1001,1330,Maschhoff_TPLJ_RM1_W,MO201601-CM9R2MZ9,2021-12-01,green,18.0,green,96.0
1002,1330,Maschhoff_TPLJ_RM1_W,MO201601-CM9R2MZ9,2021-12-02,green,18.5,green,96.0
1003,1330,Maschhoff_TPLJ_RM1_W,MO201601-CM9R2MZ9,2021-12-03,green,17.0,green,95.0
1004,1330,Maschhoff_TPLJ_RM1_W,MO201601-CM9R2MZ9,2021-12-04,yellow,16.0,green,94.0
1005,1330,Maschhoff_TPLJ_RM1_W,MO201601-CM9R2MZ9,2021-12-05,yellow,15.5,green,95.0
1006,1330,Maschhoff_TPLJ_RM1_W,MO201601-CM9R2MZ9,2021-12-06,yellow,13.0,green,96.0
1007,1330,Maschhoff_TPLJ_RM1_W,MO201601-CM9R2MZ9,2021-12-07,yellow,13.5,green,93.0
1008,1330,Maschhoff_TPLJ_RM1_W,MO201601-CM9R2MZ9,2021-12-08,yellow,14.0,green,93.0
1009,1330,Maschhoff_TPLJ_RM1_W,MO201601-CM9R2MZ9,2021-12-09,green,16.0,green,92.0
1010,1330,Maschhoff_TPLJ_RM1_W,MO201601-CM9R2MZ9,2021-12-10,yellow,15.5,green,96.0
1011,1330,Maschhoff_TPLJ_RM1_W,MO201601-CM9R2MZ9,2021-12-11,yellow,14.5,green,95.0
1012,1330,Maschhoff_TPLJ_RM1_W,MO201601-CM9R2MZ9,2021-12-12,green,16.0,green,95.0
1013,1330,Maschhoff_TPLJ_RM1_W,MO201601-CM9R2MZ9,2021-12-13,green,16.0,green,95.0
1014,1330,Maschhoff_TPLJ_RM1_W,MO201601-CM9R2MZ9,2021-12-14,green,16.0,green,96.0
1015,1330,Maschhoff_TPLJ_RM1_W,MO201601-CM9R2MZ9,2021-12-15,yellow,19.5,green,97.0
1016,1330,Maschhoff_TPLJ_RM1_W,MO201601-CM9R2MZ9,2021-12-16,yellow,14.5,green,95.0
1017,1330,Maschhoff_TPLJ_RM1_W,MO201601-CM9R2MZ9,2021-12-17,yellow,15.0,green,97.0
1018,1330,Maschhoff_TPLJ_RM1_W,MO201601-CM9R2MZ9,2021-12-18,yellow,13.5,green,96.0
1019,1330,Maschhoff_TPLJ_RM1_W,MO201601-CM9R2MZ9,2021-12-19,yellow,14.5,green,97.0
1020,1330,Maschhoff_TPLJ_RM1_W,MO201601-CM9R2MZ9,2021-12-20,yellow,13.5,green,98.0
1021,1330,Maschhoff_TPLJ_RM1_W,MO201601-CM9R2MZ9,2021-12-21,yellow,13.0,green,97.0
1022,1330,Maschhoff_TPLJ_RM1_W,MO201601-CM9R2MZ9,2021-12-22,green,15.0,green,69.0
1023,1330,Maschhoff_TPLJ_RM1_W,MO201601-CM9R2MZ9,2021-12-23,green,16.0,yellow,48.0
1024,1330,Maschhoff_TPLJ_RM1_W,MO201601-CM9R2MZ9,2021-12-24,green,17.5,green,95.0
1025,1330,Maschhoff_TPLJ_RM1_W,MO201601-CM9R2MZ9,2021-12-25,yellow,14.5,green,96.0
1026,1330,Maschhoff_TPLJ_RM1_W,MO201601-CM9R2MZ9,2021-12-26,green,14.5,green,96.0
1027,1330,Maschhoff_TPLJ_RM1_W,MO201601-CM9R2MZ9,2021-12-27,yellow,14.0,green,97.0
1028,1330,Maschhoff_TPLJ_RM1_W,MO201601-CM9R2MZ9,2021-12-28,yellow,14.0,green,95.0
1029,1330,Maschhoff_TPLJ_RM1_W,MO201601-CM9R2MZ9,2021-12-29,yellow,13.5,green,95.0
1030,1330,Maschhoff_TPLJ_RM1_W,MO201601-CM9R2MZ9,2021-12-30,green,14.5,green,97.0
1031,1330,Maschhoff_TPLJ_RM1_W,MO201601-CM9R2MZ9,2021-12-31,yellow,12.5,green,94.0
1032,1330,Maschhoff_TPLJ_RM1_W,MO201601-CM9R2MZ9,2022-01-01,red,12.5,green,90.0
1033,1330,Maschhoff_TPLJ_RM1_W,MO201601-CM9R2MZ9,2022-01-02,yellow,13.5,green,89.0
1034,1330,Maschhoff_TPLJ_RM1_W,MO201601-CM9R2MZ9,2022-01-03,green,14.0,green,97.0
1035,1330,Maschhoff_TPLJ_RM1_W,MO201601-CM9R2MZ9,2022-01-04,yellow,14.5,green,96.0
1036,1330,Maschhoff_TPLJ_RM1_W,MO201601-CM9R2MZ9,2022-01-05,yellow,11.5,green,94.0
1037,1330,Maschhoff_TPLJ_RM1_W,MO201601-CM9R2MZ9,2022-01-06,yellow,14.0,green,94.0
1038,1330,Maschhoff_TPLJ_RM1_W,MO201601-CM9R2MZ9,2022-01-07,yellow,13.0,green,94.0
1039,1330,Maschhoff_TPLJ_RM1_W,MO201601-CM9R2MZ9,2022-01-08,yellow,14.0,green,94.0
1040,1330,Maschhoff_TPLJ_RM1_W,MO201601-CM9R2MZ9,2022-01-09,yellow,13.0,green,96.0
1041,1330,Maschhoff_TPLJ_RM1_W,MO201601-CM9R2MZ9,2022-01-10,green,13.5,green,97.0
1042,1330,Maschhoff_TPLJ_RM1_W,MO201601-CM9R2MZ9,2022-01-11,green,15.5,green,94.0
1043,1330,Maschhoff_TPLJ_RM1_W,MO201601-CM9R2MZ9,2022-01-12,yellow,17.0,green,93.0
1044,1330,Maschhoff_TPLJ_RM1_W,MO201601-CM9R2MZ9,2022-01-13,green,16.0,green,95.0
1045,1330,Maschhoff_TPLJ_RM1_W,MO201601-CM9R2MZ9,2022-01-14,yellow,14.0,green,94.0
1046,1330,Maschhoff_TPLJ_RM1_W,MO201601-CM9R2MZ9,2022-01-15,yellow,12.0,green,96.0
1047,1330,Maschhoff_TPLJ_RM1_W,MO201601-CM9R2MZ9,2022-01-16,green,13.5,green,98.0
1048,1330,Maschhoff_TPLJ_RM1_W,MO201601-CM9R2MZ9,2022-01-17,yellow,14.0,green,98.0
1049,1330,Maschhoff_TPLJ_RM1_W,MO201601-CM9R2MZ9,2022-01-18,yellow,15.5,green,96.0
1050,1330,Maschhoff_TPLJ_RM1_W,MO201601-CM9R2MZ9,2022-01-19,red,12.0,green,87.0
1051,1330,Maschhoff_TPLJ_RM1_W,MO201601-CM9R2MZ9,2022-01-20,red,13.5,green,85.0
1052,1330,Maschhoff_TPLJ_RM1_W,MO201601-CM9R2MZ9,2022-01-21,yellow,12.5,green,85.0
1053,1330,Maschhoff_TPLJ_RM1_W,MO201601-CM9R2MZ9,2022-01-22,green,13.5,green,91.0
1054,1330,Maschhoff_TPLJ_RM1_W,MO201601-CM9R2MZ9,2022-01-23,yellow,11.5,green,92.0
1055,1330,Maschhoff_TPLJ_RM1_W,MO201601-CM9R2MZ9,2022-01-24,yellow,12.0,green,93.0
1056,1330,Maschhoff_TPLJ_RM1_W,MO201601-CM9R2MZ9,2022-01-25,red,12.5,green,87.0
1057,1330,Maschhoff_TPLJ_RM1_W,MO201601-CM9R2MZ9,2022-01-26,yellow,14.5,green,89.0
1058,1330,Maschhoff_TPLJ_RM1_W,MO201601-CM9R2MZ9,2022-01-27,red,14.5,green,86.0
1059,1330,Maschhoff_TPLJ_RM1_W,MO201601-CM9R2MZ9,2022-01-28,yellow,15.0,green,83.0
1060,1330,Maschhoff_TPLJ_RM1_W,MO201601-CM9R2MZ9,2022-01-29,green,15.0,green,87.0
1061,1330,Maschhoff_TPLJ_RM1_W,MO201601-CM9R2MZ9,2022-01-30,yellow,14.5,green,87.0
1062,1330,Maschhoff_TPLJ_RM1_W,MO201601-CM9R2MZ9,2022-01-31,yellow,16.0,green,92.0
1063,1330,Maschhoff_TPLJ_RM1_W,MO201601-CM9R2MZ9,2022-02-01,blue,17.5,blue,
1064,1330,Maschhoff_TPLJ_RM1_W,MO201601-CM9R2MZ9,2022-02-02,blue,,blue,
1065,1330,Maschhoff_TPLJ_RM1_W,MO201601-CM9R2MZ9,2022-02-03,blue,,blue,
1066,1330,Maschhoff_TPLJ_RM1_W,MO201601-CM9R2MZ9,2022-02-04,blue,,blue,
1067,1330,Maschhoff_TPLJ_RM1_W,MO201601-CM9R2MZ9,2022-02-05,blue,,blue,
1068,1330,Maschhoff_TPLJ_RM1_W,MO201601-CM9R2MZ9,2022-02-06,blue,,blue,
1069,1330,Maschhoff_TPLJ_RM1_W,MO201601-CM9R2MZ9,2022-02-07,blue,29.5,blue,
1070,1330,Maschhoff_TPLJ_RM1_W,MO201601-CM9R2MZ9,2022-02-08,blue,,blue,
1071,1330,Maschhoff_TPLJ_RM1_W,MO201601-CM9R2MZ9,2022-02-09,blue,,blue,
1072,1330,Maschhoff_TPLJ_RM1_W,MO201601-CM9R2MZ9,2022-02-10,blue,,blue,
1073,1330,Maschhoff_TPLJ_RM1_W,MO201601-CM9R2MZ9,2022-02-11,blue,,blue,
1074,1330,Maschhoff_TPLJ_RM1_W,MO201601-CM9R2MZ9,2022-02-12,blue,,blue,
1075,1330,Maschhoff_TPLJ_RM1_W,MO201601-CM9R2MZ9,2022-02-13,blue,,blue,
1076,1330,Maschhoff_TPLJ_RM1_W,MO201601-CM9R2MZ9,2022-02-14,blue,,blue,
1077,1330,Maschhoff_TPLJ_RM1_W,MO201601-CM9R2MZ9,2022-02-15,blue,,blue,
1078,1330,Maschhoff_TPLJ_RM1_W,MO201601-CM9R2MZ9,2022-02-16,blue,,blue,
1079,1330,Maschhoff_TPLJ_RM1_W,MO201601-CM9R2MZ9,2022-02-17,blue,,blue,
1080,1330,Maschhoff_TPLJ_RM1_W,MO201601-CM9R2MZ9,2022-02-18,blue,,blue,
1081,1330,Maschhoff_TPLJ_RM1_W,MO201601-CM9R2MZ9,2022-02-19,blue,,blue,
1082,1330,Maschhoff_TPLJ_RM1_W,MO201601-CM9R2MZ9,2022-02-20,blue,,blue,
1083,1330,Maschhoff_TPLJ_RM1_W,MO201601-CM9R2MZ9,2022-02-21,blue,,blue,
1084,1330,Maschhoff_TPLJ_RM1_W,MO201601-CM9R2MZ9,2022-02-22,blue,,blue,
1085,1330,Maschhoff_TPLJ_RM1_W,MO201601-CM9R2MZ9,2022-02-23,blue,,blue,
1086,1330,Maschhoff_TPLJ_RM1_W,MO201601-CM9R2MZ9,2022-02-24,blue,,blue,
1087,1330,Maschhoff_TPLJ_RM1_W,MO201601-CM9R2MZ9,2022-02-25,blue,,blue,
1088,1330,Maschhoff_TPLJ_RM1_W,MO201601-CM9R2MZ9,2022-02-26,blue,,blue,
1089,1330,Maschhoff_TPLJ_RM1_W,MO201601-CM9R2MZ9,2022-02-27,blue,,blue,
1090,1330,Maschhoff_TPLJ_RM1_W,MO201601-CM9R2MZ9,2022-02-28,blue,,blue,
1091,1330,Maschhoff_TPLJ_RM1_W,MO201601-CM9R2MZ9,2022-03-01,blue,,blue,
1092,1330,Maschhoff_TPLJ_RM1_W,MO201601-CM9R2MZ9,2022-03-02,blue,,blue,
1093,1330,Maschhoff_TPLJ_RM1_W,MO201601-CM9R2MZ9,2022-03-03,blue,,blue,
1094,1330,Maschhoff_TPLJ_RM1_W,MO201601-CM9R2MZ9,2022-03-04,blue,,blue,
1095,1330,Maschhoff_TPLJ_RM1_W,MO201601-CM9R2MZ9,2022-03-05,blue,,blue,
1096,1330,Maschhoff_TPLJ_RM1_W,MO201601-CM9R2MZ9,2022-03-06,blue,,blue,
1097,1330,Maschhoff_TPLJ_RM1_W,MO201601-CM9R2MZ9,2022-03-07,blue,,blue,
1098,1330,Maschhoff_TPLJ_RM1_W,MO201601-CM9R2MZ9,2022-03-08,blue,,blue,
1099,1330,Maschhoff_TPLJ_RM1_W,MO201601-CM9R2MZ9,2022-03-09,blue,,blue,
1100,1330,Maschhoff_TPLJ_RM1_W,MO201601-CM9R2MZ9,2022-03-10,blue,,blue,
1101,1330,Maschhoff_TPLJ_RM1_W,MO201601-CM9R2MZ9,2022-03-11,blue,,blue,
1102,1330,Maschhoff_TPLJ_RM1_W,MO201601-CM9R2MZ9,2022-03-12,blue,,blue,
1103,1330,Maschhoff_TPLJ_RM1_W,MO201601-CM9R2MZ9,2022-03-13,blue,,blue,
1104,1330,Maschhoff_TPLJ_RM1_W,MO201601-CM9R2MZ9,2022-03-14,blue,,blue,
1105,1330,Maschhoff_TPLJ_RM1_W,MO201601-CM9R2MZ9,2022-03-15,blue,,blue,
1106,1330,Maschhoff_TPLJ_RM1_W,MO201601-CM9R2MZ9,2022-03-16,blue,27.0,blue,
1107,1330,Maschhoff_TPLJ_RM1_W,MO201601-CM9R2MZ9,2022-03-17,blue,28.0,blue,77.0
1108,1330,Maschhoff_TPLJ_RM1_W,MO201601-CM9R2MZ9,2022-03-18,green,28.0,green,77.0
1109,1330,Maschhoff_TPLJ_RM1_W,MO201601-CM9R2MZ9,2022-03-19,yellow,27.5,green,79.0
1110,1330,Maschhoff_TPLJ_RM1_W,MO201601-CM9R2MZ9,2022-03-20,green,27.0,green,74.0
1111,1330,Maschhoff_TPLJ_RM1_W,MO201601-CM9R2MZ9,2022-03-21,yellow,26.0,green,81.0
1112,1330,Maschhoff_TPLJ_RM1_W,MO201601-CM9R2MZ9,2022-03-22,green,26.5,green,82.0
1113,1330,Maschhoff_TPLJ_RM1_W,MO201601-CM9R2MZ9,2022-03-23,yellow,27.0,green,79.0
1114,1330,Maschhoff_TPLJ_RM1_W,MO201601-CM9R2MZ9,2022-03-24,green,26.5,green,82.0
1115,1330,Maschhoff_TPLJ_RM1_W,MO201601-CM9R2MZ9,2022-03-25,yellow,25.5,green,79.0
1116,1330,Maschhoff_TPLJ_RM1_W,MO201601-CM9R2MZ9,2022-03-26,green,26.0,green,78.0
1117,1330,Maschhoff_TPLJ_RM1_W,MO201601-CM9R2MZ9,2022-03-27,green,26.0,green,77.0
1118,1330,Maschhoff_TPLJ_RM1_W,MO201601-CM9R2MZ9,2022-03-28,green,25.5,green,79.0
1119,1330,Maschhoff_TPLJ_RM1_W,MO201601-CM9R2MZ9,2022-03-29,green,25.0,green,74.0
1120,1330,Maschhoff_TPLJ_RM1_W,MO201601-CM9R2MZ9,2022-03-30,green,25.0,green,68.0
1121,1330,Maschhoff_TPLJ_RM1_W,MO201601-CM9R2MZ9,2022-03-31,green,25.5,green,64.0
1122,1330,Maschhoff_TPLJ_RM1_W,MO201601-CM9R2MZ9,2022-04-01,green,24.5,yellow,57.0
1123,1330,Maschhoff_TPLJ_RM1_W,MO201601-CM9R2MZ9,2022-04-02,green,24.5,yellow,53.0
1124,1330,Maschhoff_TPLJ_RM1_W,MO201601-CM9R2MZ9,2022-04-03,green,24.0,yellow,53.0
1125,1330,Maschhoff_TPLJ_RM1_W,MO201601-CM9R2MZ9,2022-04-04,green,23.5,yellow,54.0
1126,1330,Maschhoff_TPLJ_RM1_W,MO201601-CM9R2MZ9,2022-04-05,yellow,23.0,yellow,43.0
1127,1330,Maschhoff_TPLJ_RM1_W,MO201601-CM9R2MZ9,2022-04-06,yellow,22.5,red,39.0
1128,1330,Maschhoff_TPLJ_RM1_W,MO201601-CM9R2MZ9,2022-04-07,yellow,23.5,red,29.0
1129,1330,Maschhoff_TPLJ_RM1_W,MO201601-CM9R2MZ9,2022-04-08,green,24.0,red,18.0
1130,1330,Maschhoff_TPLJ_RM1_W,MO201601-CM9R2MZ9,2022-04-09,green,24.0,red,8.0
1131,1330,Maschhoff_TPLJ_RM1_W,MO201601-CM9R2MZ9,2022-04-10,green,23.5,red,7.0
1132,1330,Maschhoff_TPLJ_RM1_W,MO201601-CM9R2MZ9,2022-04-11,green,23.0,red,5.0
1133,1330,Maschhoff_TPLJ_RM1_W,MO201601-CM9R2MZ9,2022-04-12,green,23.0,red,15.0
1134,1330,Maschhoff_TPLJ_RM1_W,MO201601-CM9R2MZ9,2022-04-13,yellow,21.0,red,8.0
1135,1330,Maschhoff_TPLJ_RM1_W,MO201601-CM9R2MZ9,2022-04-14,yellow,21.5,red,12.0
1136,1330,Maschhoff_TPLJ_RM1_W,MO201601-CM9R2MZ9,2022-04-15,red,21.0,red,14.0
1137,1330,Maschhoff_TPLJ_RM1_W,MO201601-CM9R2MZ9,2022-04-16,yellow,21.0,red,20.0
1138,1330,Maschhoff_TPLJ_RM1_W,MO201601-CM9R2MZ9,2022-04-17,yellow,19.5,red,14.0
1139,1330,Maschhoff_TPLJ_RM1_W,MO201601-CM9R2MZ9,2022-04-18,yellow,20.0,red,14.0
1140,1330,Maschhoff_TPLJ_RM1_W,MO201601-CM9R2MZ9,2022-04-19,green,20.5,red,10.0
1141,1330,Maschhoff_TPLJ_RM1_W,MO201601-CM9R2MZ9,2022-04-20,green,20.5,red,8.0
1142,1330,Maschhoff_TPLJ_RM1_W,MO201601-CM9R2MZ9,2022-04-21,green,21.5,red,14.0
1143,1330,Maschhoff_TPLJ_RM1_W,MO201601-CM9R2MZ9,2022-04-22,green,23.0,red,34.0
1144,1330,Maschhoff_TPLJ_RM1_W,MO201601-CM9R2MZ9,2022-04-23,yellow,22.5,yellow,47.0
1145,1330,Maschhoff_TPLJ_RM1_W,MO201601-CM9R2MZ9,2022-04-24,green,19.0,red,16.0
1146,1330,Maschhoff_TPLJ_RM1_W,MO201601-CM9R2MZ9,2022-04-25,yellow,18.5,red,26.0
1147,1330,Maschhoff_TPLJ_RM1_W,MO201601-CM9R2MZ9,2022-04-26,green,21.0,red,28.0
1148,1330,Maschhoff_TPLJ_RM1_W,MO201601-CM9R2MZ9,2022-04-27,green,20.5,red,31.0
1149,1330,Maschhoff_TPLJ_RM1_W,MO201601-CM9R2MZ9,2022-04-28,green,21.5,red,39.0
1150,1330,Maschhoff_TPLJ_RM1_W,MO201601-CM9R2MZ9,2022-04-29,green,21.0,yellow,56.0
1151,1330,Maschhoff_TPLJ_RM1_W,MO201601-CM9R2MZ9,2022-04-30,green,19.5,yellow,47.0
1152,1330,Maschhoff_TPLJ_RM1_W,MO201601-CM9R2MZ9,2022-05-01,green,18.5,yellow,47.0
1153,1330,Maschhoff_TPLJ_RM1_W,MO201601-CM9R2MZ9,2022-05-02,green,19.0,yellow,44.0
1154,1330,Maschhoff_TPLJ_RM1_W,MO201601-CM9R2MZ9,2022-05-03,green,19.0,red,40.0
1155,1330,Maschhoff_TPLJ_RM1_W,MO201601-CM9R2MZ9,2022-05-04,green,19.5,yellow,53.0
1156,1330,Maschhoff_TPLJ_RM1_W,MO201601-CM9R2MZ9,2022-05-05,green,19.5,green,69.0
1157,1330,Maschhoff_TPLJ_RM1_W,MO201601-CM9R2MZ9,2022-05-06,green,20.5,green,78.0
1158,1330,Maschhoff_TPLJ_RM1_W,MO201601-CM9R2MZ9,2022-05-07,green,21.0,green,83.0
1159,1330,Maschhoff_TPLJ_RM1_W,MO201601-CM9R2MZ9,2022-05-08,green,20.0,green,83.0
1160,1330,Maschhoff_TPLJ_RM1_W,MO201601-CM9R2MZ9,2022-05-09,red,25.0,green,87.0
1161,1330,Maschhoff_TPLJ_RM1_W,MO201601-CM9R2MZ9,2022-05-10,green,23.0,green,93.0
1162,1330,Maschhoff_TPLJ_RM1_W,MO201601-CM9R2MZ9,2022-05-11,yellow,27.5,green,97.0
1163,1330,Maschhoff_TPLJ_RM1_W,MO201601-CM9R2MZ9,2022-05-12,red,28.5,green,99.0
1164,1330,Maschhoff_TPLJ_RM1_W,MO201601-CM9R2MZ9,2022-05-13,red,22.5,green,97.0
1165,1330,Maschhoff_TPLJ_RM1_W,MO201601-CM9R2MZ9,2022-05-14,yellow,22.5,green,
1166,1330,Maschhoff_TPLJ_RM1_W,MO201601-CM9R2MZ9,2022-05-14,yellow,23.0,green,97.0
1167,1330,Maschhoff_TPLJ_RM1_W,MO201601-CM9R2MZ9,2022-05-15,yellow,21.0,green,93.0
1168,1330,Maschhoff_TPLJ_RM1_W,MO201601-CM9R2MZ9,2022-05-16,yellow,22.5,green,96.0
1169,1330,Maschhoff_TPLJ_RM1_W,MO201601-CM9R2MZ9,2022-05-17,green,20.5,green,97.0
1170,1330,Maschhoff_TPLJ_RM1_W,MO201601-CM9R2MZ9,2022-05-18,yellow,23.0,green,96.0
1171,1330,Maschhoff_TPLJ_RM1_W,MO201601-CM9R2MZ9,2022-05-19,red,25.5,green,98.0
1172,1330,Maschhoff_TPLJ_RM1_W,MO201601-CM9R2MZ9,2022-05-20,green,19.5,green,95.0
1173,1330,Maschhoff_TPLJ_RM1_W,MO201601-CM9R2MZ9,2022-05-21,yellow,18.0,green,88.0
1174,1330,Maschhoff_TPLJ_RM1_W,MO201601-CM9R2MZ9,2022-05-22,green,18.0,green,93.0
1175,1330,Maschhoff_TPLJ_RM1_W,MO201601-CM9R2MZ9,2022-05-23,green,18.5,green,96.0
1176,1330,Maschhoff_TPLJ_RM1_W,MO201601-CM9R2MZ9,2022-05-24,green,18.0,green,93.0
1177,1330,Maschhoff_TPLJ_RM1_W,MO201601-CM9R2MZ9,2022-05-25,green,17.0,green,91.0
1178,1330,Maschhoff_TPLJ_RM1_W,MO201601-CM9R2MZ9,2022-05-26,green,17.0,green,88.0
1179,1330,Maschhoff_TPLJ_RM1_W,MO201601-CM9R2MZ9,2022-05-27,yellow,21.0,green,93.0
1180,1330,Maschhoff_TPLJ_RM1_W,MO201601-CM9R2MZ9,2022-05-28,yellow,25.0,green,98.0
1181,1330,Maschhoff_TPLJ_RM1_W,MO201601-CM9R2MZ9,2022-05-29,green,26.0,green,96.0
1182,1330,Maschhoff_TPLJ_RM1_W,MO201601-CM9R2MZ9,2022-05-30,yellow,26.0,green,99.0
1183,1330,Maschhoff_TPLJ_RM1_W,MO201601-CM9R2MZ9,2022-05-31,yellow,21.5,green,96.0
1184,1330,Maschhoff_TPLJ_RM1_W,MO201601-CM9R2MZ9,2022-06-01,yellow,19.5,green,95.0
1185,1330,Maschhoff_TPLJ_RM1_W,MO201601-CM9R2MZ9,2022-06-02,red,21.0,green,93.0
1186,1330,Maschhoff_TPLJ_RM1_W,MO201601-CM9R2MZ9,2022-06-03,yellow,21.5,green,91.0
1187,1330,Maschhoff_TPLJ_RM1_W,MO201601-CM9R2MZ9,2022-06-04,green,21.0,green,95.0
1188,1330,Maschhoff_TPLJ_RM1_W,MO201601-CM9R2MZ9,2022-06-05,green,22.0,green,91.0
1189,1330,Maschhoff_TPLJ_RM1_W,MO201601-CM9R2MZ9,2022-06-06,green,21.5,green,96.0
1190,1330,Maschhoff_TPLJ_RM1_W,MO201601-CM9R2MZ9,2022-06-07,green,21.5,green,91.0
1191,1330,Maschhoff_TPLJ_RM1_W,MO201601-CM9R2MZ9,2022-06-08,yellow,21.5,green,93.0
1192,1330,Maschhoff_TPLJ_RM1_W,MO201601-CM9R2MZ9,2022-06-09,green,20.5,green,85.0
1193,1330,Maschhoff_TPLJ_RM1_W,MO201601-CM9R2MZ9,2022-06-10,green,22.5,green,94.0
1194,1330,Maschhoff_TPLJ_RM1_W,MO201601-CM9R2MZ9,2022-06-11,yellow,24.5,green,98.0
1195,1330,Maschhoff_TPLJ_RM1_W,MO201601-CM9R2MZ9,2022-06-12,yellow,26.5,green,96.0
1196,1330,Maschhoff_TPLJ_RM1_W,MO201601-CM9R2MZ9,2022-06-13,yellow,30.5,green,99.0
1197,1330,Maschhoff_TPLJ_RM1_W,MO201601-CM9R2MZ9,2022-06-14,yellow,30.5,green,99.0
1198,1330,Maschhoff_TPLJ_RM1_W,MO201601-CM9R2MZ9,2022-06-15,green,23.0,green,97.0
1199,1330,Maschhoff_TPLJ_RM1_W,MO201601-CM9R2MZ9,2022-06-16,red,25.0,green,96.0
0,1372,Maschhoff_TPLJ_RM1_C,MO201601-W9GJRDGS,2021-05-15,yellow,,green,
1,1372,Maschhoff_TPLJ_RM1_C,MO201601-W9GJRDGS,2021-05-16,green,,green,
2,1372,Maschhoff_TPLJ_RM1_C,MO201601-W9GJRDGS,2021-05-17,green,,green,
3,1372,Maschhoff_TPLJ_RM1_C,MO201601-W9GJRDGS,2021-05-18,green,,green,
4,1372,Maschhoff_TPLJ_RM1_C,MO201601-W9GJRDGS,2021-05-19,yellow,,green,
5,1372,Maschhoff_TPLJ_RM1_C,MO201601-W9GJRDGS,2021-05-20,green,,green,
6,1372,Maschhoff_TPLJ_RM1_C,MO201601-W9GJRDGS,2021-05-21,yellow,,green,
7,1372,Maschhoff_TPLJ_RM1_C,MO201601-W9GJRDGS,2021-05-22,yellow,,green,
8,1372,Maschhoff_TPLJ_RM1_C,MO201601-W9GJRDGS,2021-05-23,yellow,,green,
9,1372,Maschhoff_TPLJ_RM1_C,MO201601-W9GJRDGS,2021-05-24,yellow,,green,
10,1372,Maschhoff_TPLJ_RM1_C,MO201601-W9GJRDGS,2021-05-25,red,,green,
11,1372,Maschhoff_TPLJ_RM1_C,MO201601-W9GJRDGS,2021-05-26,yellow,,green,
12,1372,Maschhoff_TPLJ_RM1_C,MO201601-W9GJRDGS,2021-05-27,green,,green,
13,1372,Maschhoff_TPLJ_RM1_C,MO201601-W9GJRDGS,2021-05-28,green,,green,
14,1372,Maschhoff_TPLJ_RM1_C,MO201601-W9GJRDGS,2021-05-29,green,,green,
15,1372,Maschhoff_TPLJ_RM1_C,MO201601-W9GJRDGS,2021-05-30,green,,green,
16,1372,Maschhoff_TPLJ_RM1_C,MO201601-W9GJRDGS,2021-05-31,yellow,,green,
17,1372,Maschhoff_TPLJ_RM1_C,MO201601-W9GJRDGS,2021-06-01,red,,green,
18,1372,Maschhoff_TPLJ_RM1_C,MO201601-W9GJRDGS,2021-06-02,red,,green,
19,1372,Maschhoff_TPLJ_RM1_C,MO201601-W9GJRDGS,2021-06-03,yellow,,green,
20,1372,Maschhoff_TPLJ_RM1_C,MO201601-W9GJRDGS,2021-06-04,yellow,,green,
21,1372,Maschhoff_TPLJ_RM1_C,MO201601-W9GJRDGS,2021-06-05,yellow,,green,
22,1372,Maschhoff_TPLJ_RM1_C,MO201601-W9GJRDGS,2021-06-06,green,,green,
23,1372,Maschhoff_TPLJ_RM1_C,MO201601-W9GJRDGS,2021-06-07,yellow,,green,
24,1372,Maschhoff_TPLJ_RM1_C,MO201601-W9GJRDGS,2021-06-08,yellow,,green,
25,1372,Maschhoff_TPLJ_RM1_C,MO201601-W9GJRDGS,2021-06-09,red,,green,
26,1372,Maschhoff_TPLJ_RM1_C,MO201601-W9GJRDGS,2021-06-10,yellow,,green,
27,1372,Maschhoff_TPLJ_RM1_C,MO201601-W9GJRDGS,2021-06-11,red,,green,
28,1372,Maschhoff_TPLJ_RM1_C,MO201601-W9GJRDGS,2021-06-12,red,,green,
29,1372,Maschhoff_TPLJ_RM1_C,MO201601-W9GJRDGS,2021-06-13,red,,green,
30,1372,Maschhoff_TPLJ_RM1_C,MO201601-W9GJRDGS,2021-06-14,red,,green,
31,1372,Maschhoff_TPLJ_RM1_C,MO201601-W9GJRDGS,2021-06-15,red,,green,
32,1372,Maschhoff_TPLJ_RM1_C,MO201601-W9GJRDGS,2021-06-16,red,,green,
33,1372,Maschhoff_TPLJ_RM1_C,MO201601-W9GJRDGS,2021-06-17,red,,green,
34,1372,Maschhoff_TPLJ_RM1_C,MO201601-W9GJRDGS,2021-06-18,red,,green,
35,1372,Maschhoff_TPLJ_RM1_C,MO201601-W9GJRDGS,2021-06-19,yellow,,green,
36,1372,Maschhoff_TPLJ_RM1_C,MO201601-W9GJRDGS,2021-06-20,red,,green,
37,1372,Maschhoff_TPLJ_RM1_C,MO201601-W9GJRDGS,2021-06-21,yellow,,green,
38,1372,Maschhoff_TPLJ_RM1_C,MO201601-W9GJRDGS,2021-06-22,red,,green,
39,1372,Maschhoff_TPLJ_RM1_C,MO201601-W9GJRDGS,2021-06-23,yellow,,green,
40,1372,Maschhoff_TPLJ_RM1_C,MO201601-W9GJRDGS,2021-06-24,green,,green,
41,1372,Maschhoff_TPLJ_RM1_C,MO201601-W9GJRDGS,2021-06-25,green,,green,
42,1372,Maschhoff_TPLJ_RM1_C,MO201601-W9GJRDGS,2021-06-26,blue,,blue,
43,1372,Maschhoff_TPLJ_RM1_C,MO201601-W9GJRDGS,2021-06-27,blue,,blue,
44,1372,Maschhoff_TPLJ_RM1_C,MO201601-W9GJRDGS,2021-06-28,blue,,blue,
45,1372,Maschhoff_TPLJ_RM1_C,MO201601-W9GJRDGS,2021-06-29,blue,,blue,
46,1372,Maschhoff_TPLJ_RM1_C,MO201601-W9GJRDGS,2021-06-30,blue,,blue,
47,1372,Maschhoff_TPLJ_RM1_C,MO201601-W9GJRDGS,2021-07-01,blue,,blue,
48,1372,Maschhoff_TPLJ_RM1_C,MO201601-W9GJRDGS,2021-07-02,blue,,blue,
49,1372,Maschhoff_TPLJ_RM1_C,MO201601-W9GJRDGS,2021-07-03,blue,,blue,
50,1372,Maschhoff_TPLJ_RM1_C,MO201601-W9GJRDGS,2021-07-04,blue,,blue,
51,1372,Maschhoff_TPLJ_RM1_C,MO201601-W9GJRDGS,2021-07-05,blue,,blue,
52,1372,Maschhoff_TPLJ_RM1_C,MO201601-W9GJRDGS,2021-07-06,blue,,blue,
53,1372,Maschhoff_TPLJ_RM1_C,MO201601-W9GJRDGS,2021-07-07,blue,,blue,
54,1372,Maschhoff_TPLJ_RM1_C,MO201601-W9GJRDGS,2021-07-08,blue,,blue,
55,1372,Maschhoff_TPLJ_RM1_C,MO201601-W9GJRDGS,2021-07-09,blue,,blue,
56,1372,Maschhoff_TPLJ_RM1_C,MO201601-W9GJRDGS,2021-07-10,blue,,blue,
57,1372,Maschhoff_TPLJ_RM1_C,MO201601-W9GJRDGS,2021-07-11,blue,,blue,
58,1372,Maschhoff_TPLJ_RM1_C,MO201601-W9GJRDGS,2021-07-12,blue,,blue,
59,1372,Maschhoff_TPLJ_RM1_C,MO201601-W9GJRDGS,2021-07-13,blue,,blue,
60,1372,Maschhoff_TPLJ_RM1_C,MO201601-W9GJRDGS,2021-07-14,blue,,blue,
61,1372,Maschhoff_TPLJ_RM1_C,MO201601-W9GJRDGS,2021-07-15,blue,,blue,
62,1372,Maschhoff_TPLJ_RM1_C,MO201601-W9GJRDGS,2021-07-16,blue,,blue,
63,1372,Maschhoff_TPLJ_RM1_C,MO201601-W9GJRDGS,2021-07-17,blue,,blue,
64,1372,Maschhoff_TPLJ_RM1_C,MO201601-W9GJRDGS,2021-07-18,blue,,blue,
65,1372,Maschhoff_TPLJ_RM1_C,MO201601-W9GJRDGS,2021-07-19,blue,,blue,
66,1372,Maschhoff_TPLJ_RM1_C,MO201601-W9GJRDGS,2021-07-20,blue,,blue,
67,1372,Maschhoff_TPLJ_RM1_C,MO201601-W9GJRDGS,2021-07-21,blue,,blue,
68,1372,Maschhoff_TPLJ_RM1_C,MO201601-W9GJRDGS,2021-07-22,blue,,blue,
69,1372,Maschhoff_TPLJ_RM1_C,MO201601-W9GJRDGS,2021-07-23,blue,,blue,
70,1372,Maschhoff_TPLJ_RM1_C,MO201601-W9GJRDGS,2021-07-24,blue,,blue,
71,1372,Maschhoff_TPLJ_RM1_C,MO201601-W9GJRDGS,2021-07-25,blue,,blue,
72,1372,Maschhoff_TPLJ_RM1_C,MO201601-W9GJRDGS,2021-07-26,red,,blue,
73,1372,Maschhoff_TPLJ_RM1_C,MO201601-W9GJRDGS,2021-07-27,yellow,30.0,blue,
74,1372,Maschhoff_TPLJ_RM1_C,MO201601-W9GJRDGS,2021-07-28,green,29.0,green,98.0
75,1372,Maschhoff_TPLJ_RM1_C,MO201601-W9GJRDGS,2021-07-29,yellow,27.5,green,99.0
76,1372,Maschhoff_TPLJ_RM1_C,MO201601-W9GJRDGS,2021-07-30,green,22.5,green,99.0
77,1372,Maschhoff_TPLJ_RM1_C,MO201601-W9GJRDGS,2021-07-31,green,24.0,green,98.0
78,1372,Maschhoff_TPLJ_RM1_C,MO201601-W9GJRDGS,2021-08-01,yellow,22.5,green,98.0
79,1372,Maschhoff_TPLJ_RM1_C,MO201601-W9GJRDGS,2021-08-02,green,18.5,blue,
80,1372,Maschhoff_TPLJ_RM1_C,MO201601-W9GJRDGS,2021-08-03,green,,blue,
81,1372,Maschhoff_TPLJ_RM1_C,MO201601-W9GJRDGS,2021-08-04,green,,blue,
82,1372,Maschhoff_TPLJ_RM1_C,MO201601-W9GJRDGS,2021-08-05,green,,blue,
83,1372,Maschhoff_TPLJ_RM1_C,MO201601-W9GJRDGS,2021-08-06,green,,blue,
84,1372,Maschhoff_TPLJ_RM1_C,MO201601-W9GJRDGS,2021-08-07,green,,blue,
85,1372,Maschhoff_TPLJ_RM1_C,MO201601-W9GJRDGS,2021-08-08,green,,blue,
86,1372,Maschhoff_TPLJ_RM1_C,MO201601-W9GJRDGS,2021-08-09,green,,blue,
87,1372,Maschhoff_TPLJ_RM1_C,MO201601-W9GJRDGS,2021-08-10,green,,blue,
88,1372,Maschhoff_TPLJ_RM1_C,MO201601-W9GJRDGS,2021-08-11,green,,blue,
89,1372,Maschhoff_TPLJ_RM1_C,MO201601-W9GJRDGS,2021-08-12,green,,blue,
90,1372,Maschhoff_TPLJ_RM1_C,MO201601-W9GJRDGS,2021-08-13,green,,blue,
91,1372,Maschhoff_TPLJ_RM1_C,MO201601-W9GJRDGS,2021-08-14,green,,blue,
92,1372,Maschhoff_TPLJ_RM1_C,MO201601-W9GJRDGS,2021-08-15,green,,blue,
93,1372,Maschhoff_TPLJ_RM1_C,MO201601-W9GJRDGS,2021-08-16,green,,blue,
94,1372,Maschhoff_TPLJ_RM1_C,MO201601-W9GJRDGS,2021-08-17,green,,blue,
95,1372,Maschhoff_TPLJ_RM1_C,MO201601-W9GJRDGS,2021-08-18,green,,blue,
96,1372,Maschhoff_TPLJ_RM1_C,MO201601-W9GJRDGS,2021-08-19,green,,blue,
97,1372,Maschhoff_TPLJ_RM1_C,MO201601-W9GJRDGS,2021-08-20,green,,blue,
98,1372,Maschhoff_TPLJ_RM1_C,MO201601-W9GJRDGS,2021-08-21,green,,blue,
99,1372,Maschhoff_TPLJ_RM1_C,MO201601-W9GJRDGS,2021-08-22,green,,blue,
100,1372,Maschhoff_TPLJ_RM1_C,MO201601-W9GJRDGS,2021-08-23,green,,blue,
101,1372,Maschhoff_TPLJ_RM1_C,MO201601-W9GJRDGS,2021-08-24,green,,blue,
102,1372,Maschhoff_TPLJ_RM1_C,MO201601-W9GJRDGS,2021-08-25,green,,blue,
103,1372,Maschhoff_TPLJ_RM1_C,MO201601-W9GJRDGS,2021-08-26,green,,blue,
104,1372,Maschhoff_TPLJ_RM1_C,MO201601-W9GJRDGS,2021-08-27,green,,blue,
105,1372,Maschhoff_TPLJ_RM1_C,MO201601-W9GJRDGS,2021-08-28,green,,blue,
106,1372,Maschhoff_TPLJ_RM1_C,MO201601-W9GJRDGS,2021-08-29,green,,blue,
107,1372,Maschhoff_TPLJ_RM1_C,MO201601-W9GJRDGS,2021-08-30,yellow,27.5,blue,
108,1372,Maschhoff_TPLJ_RM1_C,MO201601-W9GJRDGS,2021-08-31,green,24.5,green,89.0
109,1372,Maschhoff_TPLJ_RM1_C,MO201601-W9GJRDGS,2021-09-01,green,24.0,green,95.0
110,1372,Maschhoff_TPLJ_RM1_C,MO201601-W9GJRDGS,2021-09-02,green,23.5,green,98.0
111,1372,Maschhoff_TPLJ_RM1_C,MO201601-W9GJRDGS,2021-09-03,green,24.0,green,99.0
112,1372,Maschhoff_TPLJ_RM1_C,MO201601-W9GJRDGS,2021-09-04,green,24.5,green,96.0
113,1372,Maschhoff_TPLJ_RM1_C,MO201601-W9GJRDGS,2021-09-05,yellow,24.5,green,96.0
114,1372,Maschhoff_TPLJ_RM1_C,MO201601-W9GJRDGS,2021-09-06,green,26.0,green,98.0
115,1372,Maschhoff_TPLJ_RM1_C,MO201601-W9GJRDGS,2021-09-07,yellow,25.5,green,98.0
116,1372,Maschhoff_TPLJ_RM1_C,MO201601-W9GJRDGS,2021-09-08,yellow,24.0,green,94.0
117,1372,Maschhoff_TPLJ_RM1_C,MO201601-W9GJRDGS,2021-09-09,yellow,23.5,green,93.0
118,1372,Maschhoff_TPLJ_RM1_C,MO201601-W9GJRDGS,2021-09-10,yellow,25.0,green,95.0
119,1372,Maschhoff_TPLJ_RM1_C,MO201601-W9GJRDGS,2021-09-11,green,26.5,green,97.0
120,1372,Maschhoff_TPLJ_RM1_C,MO201601-W9GJRDGS,2021-09-12,yellow,24.5,green,99.0
121,1372,Maschhoff_TPLJ_RM1_C,MO201601-W9GJRDGS,2021-09-13,green,24.5,green,98.0
122,1372,Maschhoff_TPLJ_RM1_C,MO201601-W9GJRDGS,2021-09-14,yellow,23.5,green,99.0
123,1372,Maschhoff_TPLJ_RM1_C,MO201601-W9GJRDGS,2021-09-15,yellow,24.0,green,92.0
124,1372,Maschhoff_TPLJ_RM1_C,MO201601-W9GJRDGS,2021-09-16,green,26.5,green,98.0
125,1372,Maschhoff_TPLJ_RM1_C,MO201601-W9GJRDGS,2021-09-17,green,24.0,green,95.0
126,1372,Maschhoff_TPLJ_RM1_C,MO201601-W9GJRDGS,2021-09-18,green,25.0,green,89.0
127,1372,Maschhoff_TPLJ_RM1_C,MO201601-W9GJRDGS,2021-09-19,green,27.5,green,93.0
128,1372,Maschhoff_TPLJ_RM1_C,MO201601-W9GJRDGS,2021-09-20,green,24.0,green,97.0
129,1372,Maschhoff_TPLJ_RM1_C,MO201601-W9GJRDGS,2021-09-21,yellow,21.5,green,88.0
130,1372,Maschhoff_TPLJ_RM1_C,MO201601-W9GJRDGS,2021-09-22,yellow,21.5,green,76.0
131,1372,Maschhoff_TPLJ_RM1_C,MO201601-W9GJRDGS,2021-09-23,yellow,22.5,green,83.0
132,1372,Maschhoff_TPLJ_RM1_C,MO201601-W9GJRDGS,2021-09-24,yellow,21.0,green,91.0
133,1372,Maschhoff_TPLJ_RM1_C,MO201601-W9GJRDGS,2021-09-25,yellow,22.5,green,86.0
134,1372,Maschhoff_TPLJ_RM1_C,MO201601-W9GJRDGS,2021-09-26,red,23.5,green,94.0
135,1372,Maschhoff_TPLJ_RM1_C,MO201601-W9GJRDGS,2021-09-27,red,23.5,green,90.0
136,1372,Maschhoff_TPLJ_RM1_C,MO201601-W9GJRDGS,2021-09-28,yellow,25.0,green,92.0
137,1372,Maschhoff_TPLJ_RM1_C,MO201601-W9GJRDGS,2021-09-29,green,25.0,green,85.0
138,1372,Maschhoff_TPLJ_RM1_C,MO201601-W9GJRDGS,2021-09-30,green,25.0,green,84.0
139,1372,Maschhoff_TPLJ_RM1_C,MO201601-W9GJRDGS,2021-10-01,green,24.5,green,87.0
140,1372,Maschhoff_TPLJ_RM1_C,MO201601-W9GJRDGS,2021-10-02,green,22.5,green,83.0
141,1372,Maschhoff_TPLJ_RM1_C,MO201601-W9GJRDGS,2021-10-03,red,22.5,green,82.0
142,1372,Maschhoff_TPLJ_RM1_C,MO201601-W9GJRDGS,2021-10-04,red,21.5,green,82.0
143,1372,Maschhoff_TPLJ_RM1_C,MO201601-W9GJRDGS,2021-10-05,yellow,21.0,green,87.0
144,1372,Maschhoff_TPLJ_RM1_C,MO201601-W9GJRDGS,2021-10-06,yellow,21.5,green,93.0
145,1372,Maschhoff_TPLJ_RM1_C,MO201601-W9GJRDGS,2021-10-07,yellow,23.0,green,95.0
146,1372,Maschhoff_TPLJ_RM1_C,MO201601-W9GJRDGS,2021-10-08,green,23.0,green,94.0
147,1372,Maschhoff_TPLJ_RM1_C,MO201601-W9GJRDGS,2021-10-09,green,24.0,green,98.0
148,1372,Maschhoff_TPLJ_RM1_C,MO201601-W9GJRDGS,2021-10-10,yellow,21.0,green,99.0
149,1372,Maschhoff_TPLJ_RM1_C,MO201601-W9GJRDGS,2021-10-11,red,19.0,green,96.0
150,1372,Maschhoff_TPLJ_RM1_C,MO201601-W9GJRDGS,2021-10-12,green,20.0,green,90.0
151,1372,Maschhoff_TPLJ_RM1_C,MO201601-W9GJRDGS,2021-10-13,yellow,21.0,green,97.0
152,1372,Maschhoff_TPLJ_RM1_C,MO201601-W9GJRDGS,2021-10-14,yellow,17.5,green,96.0
153,1372,Maschhoff_TPLJ_RM1_C,MO201601-W9GJRDGS,2021-10-15,yellow,17.5,green,97.0
154,1372,Maschhoff_TPLJ_RM1_C,MO201601-W9GJRDGS,2021-10-16,yellow,18.0,green,95.0
155,1372,Maschhoff_TPLJ_RM1_C,MO201601-W9GJRDGS,2021-10-17,yellow,19.0,green,92.0
156,1372,Maschhoff_TPLJ_RM1_C,MO201601-W9GJRDGS,2021-10-18,green,21.0,green,98.0
157,1372,Maschhoff_TPLJ_RM1_C,MO201601-W9GJRDGS,2021-10-19,green,22.0,green,94.0
158,1372,Maschhoff_TPLJ_RM1_C,MO201601-W9GJRDGS,2021-10-20,yellow,19.5,green,98.0
159,1372,Maschhoff_TPLJ_RM1_C,MO201601-W9GJRDGS,2021-10-21,green,16.0,green,96.0
160,1372,Maschhoff_TPLJ_RM1_C,MO201601-W9GJRDGS,2021-10-22,green,16.5,green,92.0
161,1372,Maschhoff_TPLJ_RM1_C,MO201601-W9GJRDGS,2021-10-23,green,17.0,green,87.0
162,1372,Maschhoff_TPLJ_RM1_C,MO201601-W9GJRDGS,2021-10-24,green,17.0,green,90.0
163,1372,Maschhoff_TPLJ_RM1_C,MO201601-W9GJRDGS,2021-10-25,green,18.5,green,92.0
164,1372,Maschhoff_TPLJ_RM1_C,MO201601-W9GJRDGS,2021-10-26,green,19.5,green,92.0
165,1372,Maschhoff_TPLJ_RM1_C,MO201601-W9GJRDGS,2021-10-27,green,18.5,green,96.0
166,1372,Maschhoff_TPLJ_RM1_C,MO201601-W9GJRDGS,2021-10-28,green,18.5,green,96.0
167,1372,Maschhoff_TPLJ_RM1_C,MO201601-W9GJRDGS,2021-10-29,green,19.0,green,93.0
168,1372,Maschhoff_TPLJ_RM1_C,MO201601-W9GJRDGS,2021-10-30,green,20.0,green,89.0
169,1372,Maschhoff_TPLJ_RM1_C,MO201601-W9GJRDGS,2021-10-31,green,18.5,green,91.0
170,1372,Maschhoff_TPLJ_RM1_C,MO201601-W9GJRDGS,2021-11-01,green,19.0,green,90.0
171,1372,Maschhoff_TPLJ_RM1_C,MO201601-W9GJRDGS,2021-11-02,green,19.5,green,70.0
172,1372,Maschhoff_TPLJ_RM1_C,MO201601-W9GJRDGS,2021-11-03,green,19.0,green,82.0
173,1372,Maschhoff_TPLJ_RM1_C,MO201601-W9GJRDGS,2021-11-04,green,20.0,green,74.0
174,1372,Maschhoff_TPLJ_RM1_C,MO201601-W9GJRDGS,2021-11-05,green,20.0,green,81.0
175,1372,Maschhoff_TPLJ_RM1_C,MO201601-W9GJRDGS,2021-11-06,green,20.5,green,84.0
176,1372,Maschhoff_TPLJ_RM1_C,MO201601-W9GJRDGS,2021-11-07,green,20.5,green,91.0
177,1372,Maschhoff_TPLJ_RM1_C,MO201601-W9GJRDGS,2021-11-08,green,19.5,green,91.0
178,1372,Maschhoff_TPLJ_RM1_C,MO201601-W9GJRDGS,2021-11-09,green,19.5,green,95.0
179,1372,Maschhoff_TPLJ_RM1_C,MO201601-W9GJRDGS,2021-11-10,green,19.0,green,93.0
180,1372,Maschhoff_TPLJ_RM1_C,MO201601-W9GJRDGS,2021-11-11,yellow,18.0,green,91.0
181,1372,Maschhoff_TPLJ_RM1_C,MO201601-W9GJRDGS,2021-11-12,yellow,17.5,green,95.0
182,1372,Maschhoff_TPLJ_RM1_C,MO201601-W9GJRDGS,2021-11-13,green,17.5,green,
183,1372,Maschhoff_TPLJ_RM1_C,MO201601-W9GJRDGS,2021-11-13,green,18.0,green,95.0
184,1372,Maschhoff_TPLJ_RM1_C,MO201601-W9GJRDGS,2021-11-14,green,17.5,green,97.0
185,1372,Maschhoff_TPLJ_RM1_C,MO201601-W9GJRDGS,2021-11-15,green,18.0,green,96.0
186,1372,Maschhoff_TPLJ_RM1_C,MO201601-W9GJRDGS,2021-11-16,yellow,19.0,green,99.0
187,1372,Maschhoff_TPLJ_RM1_C,MO201601-W9GJRDGS,2021-11-17,yellow,18.0,green,97.0
188,1372,Maschhoff_TPLJ_RM1_C,MO201601-W9GJRDGS,2021-11-18,yellow,16.5,green,99.0
189,1372,Maschhoff_TPLJ_RM1_C,MO201601-W9GJRDGS,2021-11-19,green,16.0,green,94.0
190,1372,Maschhoff_TPLJ_RM1_C,MO201601-W9GJRDGS,2021-11-20,green,16.0,green,87.0
191,1372,Maschhoff_TPLJ_RM1_C,MO201601-W9GJRDGS,2021-11-21,yellow,15.0,green,75.0
192,1372,Maschhoff_TPLJ_RM1_C,MO201601-W9GJRDGS,2021-11-22,yellow,15.5,green,77.0
193,1372,Maschhoff_TPLJ_RM1_C,MO201601-W9GJRDGS,2021-11-23,green,18.0,green,90.0
194,1372,Maschhoff_TPLJ_RM1_C,MO201601-W9GJRDGS,2021-11-24,yellow,15.5,green,96.0
195,1372,Maschhoff_TPLJ_RM1_C,MO201601-W9GJRDGS,2021-11-25,green,15.0,green,97.0
196,1372,Maschhoff_TPLJ_RM1_C,MO201601-W9GJRDGS,2021-11-26,green,15.0,green,99.0
197,1372,Maschhoff_TPLJ_RM1_C,MO201601-W9GJRDGS,2021-11-27,green,15.5,green,97.0
198,1372,Maschhoff_TPLJ_RM1_C,MO201601-W9GJRDGS,2021-11-28,green,14.0,green,97.0
199,1372,Maschhoff_TPLJ_RM1_C,MO201601-W9GJRDGS,2021-11-29,yellow,17.0,green,96.0
200,1372,Maschhoff_TPLJ_RM1_C,MO201601-W9GJRDGS,2021-11-30,green,15.5,green,99.0
201,1372,Maschhoff_TPLJ_RM1_C,MO201601-W9GJRDGS,2021-12-01,green,17.0,green,98.0
202,1372,Maschhoff_TPLJ_RM1_C,MO201601-W9GJRDGS,2021-12-02,green,16.5,green,98.0
203,1372,Maschhoff_TPLJ_RM1_C,MO201601-W9GJRDGS,2021-12-03,green,15.5,green,96.0
204,1372,Maschhoff_TPLJ_RM1_C,MO201601-W9GJRDGS,2021-12-04,yellow,14.5,green,98.0
205,1372,Maschhoff_TPLJ_RM1_C,MO201601-W9GJRDGS,2021-12-05,yellow,15.0,green,99.0
206,1372,Maschhoff_TPLJ_RM1_C,MO201601-W9GJRDGS,2021-12-06,green,14.5,green,96.0
207,1372,Maschhoff_TPLJ_RM1_C,MO201601-W9GJRDGS,2021-12-07,red,14.5,green,97.0
208,1372,Maschhoff_TPLJ_RM1_C,MO201601-W9GJRDGS,2021-12-08,yellow,14.5,green,99.0
209,1372,Maschhoff_TPLJ_RM1_C,MO201601-W9GJRDGS,2021-12-09,green,15.0,green,98.0
210,1372,Maschhoff_TPLJ_RM1_C,MO201601-W9GJRDGS,2021-12-10,yellow,14.0,green,99.0
211,1372,Maschhoff_TPLJ_RM1_C,MO201601-W9GJRDGS,2021-12-11,yellow,14.5,green,99.0
212,1372,Maschhoff_TPLJ_RM1_C,MO201601-W9GJRDGS,2021-12-12,green,14.5,green,96.0
213,1372,Maschhoff_TPLJ_RM1_C,MO201601-W9GJRDGS,2021-12-13,green,14.5,green,98.0
214,1372,Maschhoff_TPLJ_RM1_C,MO201601-W9GJRDGS,2021-12-14,green,16.0,green,96.0
215,1372,Maschhoff_TPLJ_RM1_C,MO201601-W9GJRDGS,2021-12-15,red,19.5,green,99.0
216,1372,Maschhoff_TPLJ_RM1_C,MO201601-W9GJRDGS,2021-12-16,yellow,14.5,green,99.0
217,1372,Maschhoff_TPLJ_RM1_C,MO201601-W9GJRDGS,2021-12-17,yellow,15.0,green,98.0
218,1372,Maschhoff_TPLJ_RM1_C,MO201601-W9GJRDGS,2021-12-18,red,15.5,green,99.0
219,1372,Maschhoff_TPLJ_RM1_C,MO201601-W9GJRDGS,2021-12-19,yellow,15.0,green,97.0
220,1372,Maschhoff_TPLJ_RM1_C,MO201601-W9GJRDGS,2021-12-20,yellow,15.0,green,99.0
221,1372,Maschhoff_TPLJ_RM1_C,MO201601-W9GJRDGS,2021-12-21,red,15.0,green,99.0
222,1372,Maschhoff_TPLJ_RM1_C,MO201601-W9GJRDGS,2021-12-22,yellow,15.0,green,99.0
223,1372,Maschhoff_TPLJ_RM1_C,MO201601-W9GJRDGS,2021-12-23,green,14.5,green,99.0
224,1372,Maschhoff_TPLJ_RM1_C,MO201601-W9GJRDGS,2021-12-24,green,15.5,green,99.0
225,1372,Maschhoff_TPLJ_RM1_C,MO201601-W9GJRDGS,2021-12-25,red,15.0,green,99.0
226,1372,Maschhoff_TPLJ_RM1_C,MO201601-W9GJRDGS,2021-12-26,yellow,15.5,green,99.0
227,1372,Maschhoff_TPLJ_RM1_C,MO201601-W9GJRDGS,2021-12-27,red,14.0,green,99.0
228,1372,Maschhoff_TPLJ_RM1_C,MO201601-W9GJRDGS,2021-12-28,red,15.5,green,98.0
229,1372,Maschhoff_TPLJ_RM1_C,MO201601-W9GJRDGS,2021-12-29,red,16.0,green,98.0
230,1372,Maschhoff_TPLJ_RM1_C,MO201601-W9GJRDGS,2021-12-30,red,15.0,green,97.0
231,1372,Maschhoff_TPLJ_RM1_C,MO201601-W9GJRDGS,2021-12-31,yellow,16.0,green,98.0
232,1372,Maschhoff_TPLJ_RM1_C,MO201601-W9GJRDGS,2022-01-01,green,16.5,green,97.0
233,1372,Maschhoff_TPLJ_RM1_C,MO201601-W9GJRDGS,2022-01-02,green,16.5,green,97.0
234,1372,Maschhoff_TPLJ_RM1_C,MO201601-W9GJRDGS,2022-01-03,yellow,15.5,green,99.0
235,1372,Maschhoff_TPLJ_RM1_C,MO201601-W9GJRDGS,2022-01-04,yellow,15.0,green,99.0
236,1372,Maschhoff_TPLJ_RM1_C,MO201601-W9GJRDGS,2022-01-05,yellow,16.5,green,98.0
237,1372,Maschhoff_TPLJ_RM1_C,MO201601-W9GJRDGS,2022-01-06,green,17.0,green,97.0
238,1372,Maschhoff_TPLJ_RM1_C,MO201601-W9GJRDGS,2022-01-07,yellow,17.0,green,96.0
239,1372,Maschhoff_TPLJ_RM1_C,MO201601-W9GJRDGS,2022-01-08,red,15.5,green,99.0
240,1372,Maschhoff_TPLJ_RM1_C,MO201601-W9GJRDGS,2022-01-09,red,15.5,green,97.0
241,1372,Maschhoff_TPLJ_RM1_C,MO201601-W9GJRDGS,2022-01-10,red,16.0,green,99.0
242,1372,Maschhoff_TPLJ_RM1_C,MO201601-W9GJRDGS,2022-01-11,green,15.5,green,98.0
243,1372,Maschhoff_TPLJ_RM1_C,MO201601-W9GJRDGS,2022-01-12,red,15.5,green,99.0
244,1372,Maschhoff_TPLJ_RM1_C,MO201601-W9GJRDGS,2022-01-13,yellow,15.0,green,97.0
245,1372,Maschhoff_TPLJ_RM1_C,MO201601-W9GJRDGS,2022-01-14,yellow,14.5,green,99.0
246,1372,Maschhoff_TPLJ_RM1_C,MO201601-W9GJRDGS,2022-01-15,green,16.0,green,99.0
247,1372,Maschhoff_TPLJ_RM1_C,MO201601-W9GJRDGS,2022-01-16,red,15.5,green,99.0
248,1372,Maschhoff_TPLJ_RM1_C,MO201601-W9GJRDGS,2022-01-17,yellow,15.0,green,98.0
249,1372,Maschhoff_TPLJ_RM1_C,MO201601-W9GJRDGS,2022-01-18,yellow,17.0,green,98.0
250,1372,Maschhoff_TPLJ_RM1_C,MO201601-W9GJRDGS,2022-01-19,green,17.5,green,99.0
251,1372,Maschhoff_TPLJ_RM1_C,MO201601-W9GJRDGS,2022-01-20,green,17.5,green,97.0
252,1372,Maschhoff_TPLJ_RM1_C,MO201601-W9GJRDGS,2022-01-21,yellow,17.0,green,97.0
253,1372,Maschhoff_TPLJ_RM1_C,MO201601-W9GJRDGS,2022-01-22,green,16.0,green,97.0
254,1372,Maschhoff_TPLJ_RM1_C,MO201601-W9GJRDGS,2022-01-23,green,17.0,green,97.0
255,1372,Maschhoff_TPLJ_RM1_C,MO201601-W9GJRDGS,2022-01-24,green,16.5,green,99.0
256,1372,Maschhoff_TPLJ_RM1_C,MO201601-W9GJRDGS,2022-01-25,green,17.0,green,97.0
257,1372,Maschhoff_TPLJ_RM1_C,MO201601-W9GJRDGS,2022-01-26,green,17.0,green,93.0
258,1372,Maschhoff_TPLJ_RM1_C,MO201601-W9GJRDGS,2022-01-27,green,17.5,green,90.0
259,1372,Maschhoff_TPLJ_RM1_C,MO201601-W9GJRDGS,2022-01-28,green,17.5,green,98.0
260,1372,Maschhoff_TPLJ_RM1_C,MO201601-W9GJRDGS,2022-01-29,green,17.5,green,98.0
261,1372,Maschhoff_TPLJ_RM1_C,MO201601-W9GJRDGS,2022-01-30,green,17.5,green,96.0
262,1372,Maschhoff_TPLJ_RM1_C,MO201601-W9GJRDGS,2022-01-31,green,17.0,green,96.0
263,1372,Maschhoff_TPLJ_RM1_C,MO201601-W9GJRDGS,2022-02-01,blue,17.5,blue,
264,1372,Maschhoff_TPLJ_RM1_C,MO201601-W9GJRDGS,2022-02-02,blue,,blue,
265,1372,Maschhoff_TPLJ_RM1_C,MO201601-W9GJRDGS,2022-02-03,blue,,blue,
266,1372,Maschhoff_TPLJ_RM1_C,MO201601-W9GJRDGS,2022-02-04,blue,,blue,
267,1372,Maschhoff_TPLJ_RM1_C,MO201601-W9GJRDGS,2022-02-05,blue,,blue,
268,1372,Maschhoff_TPLJ_RM1_C,MO201601-W9GJRDGS,2022-02-06,blue,,blue,
269,1372,Maschhoff_TPLJ_RM1_C,MO201601-W9GJRDGS,2022-02-07,blue,30.0,blue,
270,1372,Maschhoff_TPLJ_RM1_C,MO201601-W9GJRDGS,2022-02-08,blue,,blue,
271,1372,Maschhoff_TPLJ_RM1_C,MO201601-W9GJRDGS,2022-02-09,blue,,blue,
272,1372,Maschhoff_TPLJ_RM1_C,MO201601-W9GJRDGS,2022-02-10,blue,,blue,
273,1372,Maschhoff_TPLJ_RM1_C,MO201601-W9GJRDGS,2022-02-11,blue,,blue,
274,1372,Maschhoff_TPLJ_RM1_C,MO201601-W9GJRDGS,2022-02-12,blue,,blue,
275,1372,Maschhoff_TPLJ_RM1_C,MO201601-W9GJRDGS,2022-02-13,blue,,blue,
276,1372,Maschhoff_TPLJ_RM1_C,MO201601-W9GJRDGS,2022-02-14,blue,,blue,
277,1372,Maschhoff_TPLJ_RM1_C,MO201601-W9GJRDGS,2022-02-15,blue,,blue,
278,1372,Maschhoff_TPLJ_RM1_C,MO201601-W9GJRDGS,2022-02-16,blue,,blue,
279,1372,Maschhoff_TPLJ_RM1_C,MO201601-W9GJRDGS,2022-02-17,blue,,blue,
280,1372,Maschhoff_TPLJ_RM1_C,MO201601-W9GJRDGS,2022-02-18,blue,,blue,
281,1372,Maschhoff_TPLJ_RM1_C,MO201601-W9GJRDGS,2022-02-19,blue,,blue,
282,1372,Maschhoff_TPLJ_RM1_C,MO201601-W9GJRDGS,2022-02-20,blue,,blue,
283,1372,Maschhoff_TPLJ_RM1_C,MO201601-W9GJRDGS,2022-02-21,blue,,blue,
284,1372,Maschhoff_TPLJ_RM1_C,MO201601-W9GJRDGS,2022-02-22,blue,,blue,
285,1372,Maschhoff_TPLJ_RM1_C,MO201601-W9GJRDGS,2022-02-23,blue,,blue,
286,1372,Maschhoff_TPLJ_RM1_C,MO201601-W9GJRDGS,2022-02-24,blue,,blue,
287,1372,Maschhoff_TPLJ_RM1_C,MO201601-W9GJRDGS,2022-02-25,blue,,blue,
288,1372,Maschhoff_TPLJ_RM1_C,MO201601-W9GJRDGS,2022-02-26,blue,,blue,
289,1372,Maschhoff_TPLJ_RM1_C,MO201601-W9GJRDGS,2022-02-27,blue,,blue,
290,1372,Maschhoff_TPLJ_RM1_C,MO201601-W9GJRDGS,2022-02-28,blue,,blue,
291,1372,Maschhoff_TPLJ_RM1_C,MO201601-W9GJRDGS,2022-03-01,blue,,blue,
292,1372,Maschhoff_TPLJ_RM1_C,MO201601-W9GJRDGS,2022-03-02,blue,,blue,
293,1372,Maschhoff_TPLJ_RM1_C,MO201601-W9GJRDGS,2022-03-03,blue,,blue,
294,1372,Maschhoff_TPLJ_RM1_C,MO201601-W9GJRDGS,2022-03-04,blue,,blue,
295,1372,Maschhoff_TPLJ_RM1_C,MO201601-W9GJRDGS,2022-03-05,blue,,blue,
296,1372,Maschhoff_TPLJ_RM1_C,MO201601-W9GJRDGS,2022-03-06,blue,,blue,
297,1372,Maschhoff_TPLJ_RM1_C,MO201601-W9GJRDGS,2022-03-07,blue,,blue,
298,1372,Maschhoff_TPLJ_RM1_C,MO201601-W9GJRDGS,2022-03-08,blue,,blue,
299,1372,Maschhoff_TPLJ_RM1_C,MO201601-W9GJRDGS,2022-03-09,blue,,blue,
300,1372,Maschhoff_TPLJ_RM1_C,MO201601-W9GJRDGS,2022-03-10,blue,,blue,
301,1372,Maschhoff_TPLJ_RM1_C,MO201601-W9GJRDGS,2022-03-11,blue,,blue,
302,1372,Maschhoff_TPLJ_RM1_C,MO201601-W9GJRDGS,2022-03-12,blue,,blue,
303,1372,Maschhoff_TPLJ_RM1_C,MO201601-W9GJRDGS,2022-03-13,blue,,blue,
304,1372,Maschhoff_TPLJ_RM1_C,MO201601-W9GJRDGS,2022-03-14,blue,,blue,
305,1372,Maschhoff_TPLJ_RM1_C,MO201601-W9GJRDGS,2022-03-15,blue,,blue,
306,1372,Maschhoff_TPLJ_RM1_C,MO201601-W9GJRDGS,2022-03-16,blue,27.5,blue,
307,1372,Maschhoff_TPLJ_RM1_C,MO201601-W9GJRDGS,2022-03-17,blue,28.0,blue,94.0
308,1372,Maschhoff_TPLJ_RM1_C,MO201601-W9GJRDGS,2022-03-18,green,28.0,blue,
309,1372,Maschhoff_TPLJ_RM1_C,MO201601-W9GJRDGS,2022-03-19,green,27.5,green,97.0
310,1372,Maschhoff_TPLJ_RM1_C,MO201601-W9GJRDGS,2022-03-20,green,26.5,green,97.0
311,1372,Maschhoff_TPLJ_RM1_C,MO201601-W9GJRDGS,2022-03-21,green,26.5,green,96.0
312,1372,Maschhoff_TPLJ_RM1_C,MO201601-W9GJRDGS,2022-03-22,green,26.5,green,95.0
313,1372,Maschhoff_TPLJ_RM1_C,MO201601-W9GJRDGS,2022-03-23,green,26.5,green,92.0
314,1372,Maschhoff_TPLJ_RM1_C,MO201601-W9GJRDGS,2022-03-24,green,26.5,green,92.0
315,1372,Maschhoff_TPLJ_RM1_C,MO201601-W9GJRDGS,2022-03-25,green,26.0,green,96.0
316,1372,Maschhoff_TPLJ_RM1_C,MO201601-W9GJRDGS,2022-03-26,green,26.0,green,96.0
317,1372,Maschhoff_TPLJ_RM1_C,MO201601-W9GJRDGS,2022-03-27,green,26.0,green,96.0
318,1372,Maschhoff_TPLJ_RM1_C,MO201601-W9GJRDGS,2022-03-28,green,26.0,green,97.0
319,1372,Maschhoff_TPLJ_RM1_C,MO201601-W9GJRDGS,2022-03-29,green,26.0,green,93.0
320,1372,Maschhoff_TPLJ_RM1_C,MO201601-W9GJRDGS,2022-03-30,green,26.0,green,94.0
321,1372,Maschhoff_TPLJ_RM1_C,MO201601-W9GJRDGS,2022-03-31,green,25.5,green,92.0
322,1372,Maschhoff_TPLJ_RM1_C,MO201601-W9GJRDGS,2022-04-01,green,25.5,green,86.0
323,1372,Maschhoff_TPLJ_RM1_C,MO201601-W9GJRDGS,2022-04-02,green,24.5,green,80.0
324,1372,Maschhoff_TPLJ_RM1_C,MO201601-W9GJRDGS,2022-04-03,green,24.5,green,82.0
325,1372,Maschhoff_TPLJ_RM1_C,MO201601-W9GJRDGS,2022-04-04,green,24.0,green,85.0
326,1372,Maschhoff_TPLJ_RM1_C,MO201601-W9GJRDGS,2022-04-05,green,24.0,green,84.0
327,1372,Maschhoff_TPLJ_RM1_C,MO201601-W9GJRDGS,2022-04-06,green,24.5,green,84.0
328,1372,Maschhoff_TPLJ_RM1_C,MO201601-W9GJRDGS,2022-04-07,green,24.5,green,80.0
329,1372,Maschhoff_TPLJ_RM1_C,MO201601-W9GJRDGS,2022-04-08,green,24.5,green,83.0
330,1372,Maschhoff_TPLJ_RM1_C,MO201601-W9GJRDGS,2022-04-09,green,24.5,green,76.0
331,1372,Maschhoff_TPLJ_RM1_C,MO201601-W9GJRDGS,2022-04-10,green,24.5,green,71.0
332,1372,Maschhoff_TPLJ_RM1_C,MO201601-W9GJRDGS,2022-04-11,green,24.0,yellow,59.0
333,1372,Maschhoff_TPLJ_RM1_C,MO201601-W9GJRDGS,2022-04-12,yellow,24.0,green,67.0
334,1372,Maschhoff_TPLJ_RM1_C,MO201601-W9GJRDGS,2022-04-13,green,24.0,green,67.0
335,1372,Maschhoff_TPLJ_RM1_C,MO201601-W9GJRDGS,2022-04-14,green,24.5,green,74.0
336,1372,Maschhoff_TPLJ_RM1_C,MO201601-W9GJRDGS,2022-04-15,green,24.0,green,76.0
337,1372,Maschhoff_TPLJ_RM1_C,MO201601-W9GJRDGS,2022-04-16,green,23.5,green,73.0
338,1372,Maschhoff_TPLJ_RM1_C,MO201601-W9GJRDGS,2022-04-17,green,23.5,green,77.0
339,1372,Maschhoff_TPLJ_RM1_C,MO201601-W9GJRDGS,2022-04-18,green,23.0,green,76.0
340,1372,Maschhoff_TPLJ_RM1_C,MO201601-W9GJRDGS,2022-04-19,green,23.5,green,72.0
341,1372,Maschhoff_TPLJ_RM1_C,MO201601-W9GJRDGS,2022-04-20,green,22.0,green,78.0
342,1372,Maschhoff_TPLJ_RM1_C,MO201601-W9GJRDGS,2022-04-21,green,22.5,green,78.0
343,1372,Maschhoff_TPLJ_RM1_C,MO201601-W9GJRDGS,2022-04-22,green,22.5,green,83.0
344,1372,Maschhoff_TPLJ_RM1_C,MO201601-W9GJRDGS,2022-04-23,yellow,22.5,green,96.0
345,1372,Maschhoff_TPLJ_RM1_C,MO201601-W9GJRDGS,2022-04-24,green,20.0,green,76.0
346,1372,Maschhoff_TPLJ_RM1_C,MO201601-W9GJRDGS,2022-04-25,green,20.5,green,78.0
347,1372,Maschhoff_TPLJ_RM1_C,MO201601-W9GJRDGS,2022-04-26,green,21.5,green,76.0
348,1372,Maschhoff_TPLJ_RM1_C,MO201601-W9GJRDGS,2022-04-27,green,20.5,green,80.0
349,1372,Maschhoff_TPLJ_RM1_C,MO201601-W9GJRDGS,2022-04-28,green,21.0,green,86.0
350,1372,Maschhoff_TPLJ_RM1_C,MO201601-W9GJRDGS,2022-04-29,green,19.0,green,97.0
351,1372,Maschhoff_TPLJ_RM1_C,MO201601-W9GJRDGS,2022-04-30,green,19.0,green,93.0
352,1372,Maschhoff_TPLJ_RM1_C,MO201601-W9GJRDGS,2022-05-01,green,19.0,green,86.0
353,1372,Maschhoff_TPLJ_RM1_C,MO201601-W9GJRDGS,2022-05-02,green,19.5,green,87.0
354,1372,Maschhoff_TPLJ_RM1_C,MO201601-W9GJRDGS,2022-05-03,green,19.0,green,84.0
355,1372,Maschhoff_TPLJ_RM1_C,MO201601-W9GJRDGS,2022-05-04,green,18.5,green,88.0
356,1372,Maschhoff_TPLJ_RM1_C,MO201601-W9GJRDGS,2022-05-05,green,18.0,green,98.0
357,1372,Maschhoff_TPLJ_RM1_C,MO201601-W9GJRDGS,2022-05-06,green,19.5,green,97.0
358,1372,Maschhoff_TPLJ_RM1_C,MO201601-W9GJRDGS,2022-05-07,green,20.0,green,98.0
359,1372,Maschhoff_TPLJ_RM1_C,MO201601-W9GJRDGS,2022-05-08,green,19.0,green,99.0
360,1372,Maschhoff_TPLJ_RM1_C,MO201601-W9GJRDGS,2022-05-09,red,24.5,green,98.0
361,1372,Maschhoff_TPLJ_RM1_C,MO201601-W9GJRDGS,2022-05-10,yellow,22.0,green,97.0
362,1372,Maschhoff_TPLJ_RM1_C,MO201601-W9GJRDGS,2022-05-11,yellow,27.0,green,97.0
363,1372,Maschhoff_TPLJ_RM1_C,MO201601-W9GJRDGS,2022-05-12,red,28.0,green,99.0
364,1372,Maschhoff_TPLJ_RM1_C,MO201601-W9GJRDGS,2022-05-13,red,21.5,green,98.0
365,1372,Maschhoff_TPLJ_RM1_C,MO201601-W9GJRDGS,2022-05-14,yellow,21.5,green,
366,1372,Maschhoff_TPLJ_RM1_C,MO201601-W9GJRDGS,2022-05-14,yellow,22.0,green,98.0
367,1372,Maschhoff_TPLJ_RM1_C,MO201601-W9GJRDGS,2022-05-15,red,20.0,green,97.0
368,1372,Maschhoff_TPLJ_RM1_C,MO201601-W9GJRDGS,2022-05-16,red,21.5,green,96.0
369,1372,Maschhoff_TPLJ_RM1_C,MO201601-W9GJRDGS,2022-05-17,green,19.5,green,98.0
370,1372,Maschhoff_TPLJ_RM1_C,MO201601-W9GJRDGS,2022-05-18,red,22.0,green,97.0
371,1372,Maschhoff_TPLJ_RM1_C,MO201601-W9GJRDGS,2022-05-19,red,24.5,green,97.0
372,1372,Maschhoff_TPLJ_RM1_C,MO201601-W9GJRDGS,2022-05-20,green,18.5,green,99.0
373,1372,Maschhoff_TPLJ_RM1_C,MO201601-W9GJRDGS,2022-05-21,green,16.5,green,99.0
374,1372,Maschhoff_TPLJ_RM1_C,MO201601-W9GJRDGS,2022-05-22,yellow,17.5,green,98.0
375,1372,Maschhoff_TPLJ_RM1_C,MO201601-W9GJRDGS,2022-05-23,green,17.5,green,99.0
376,1372,Maschhoff_TPLJ_RM1_C,MO201601-W9GJRDGS,2022-05-24,green,16.5,green,97.0
377,1372,Maschhoff_TPLJ_RM1_C,MO201601-W9GJRDGS,2022-05-25,green,16.0,green,97.0
378,1372,Maschhoff_TPLJ_RM1_C,MO201601-W9GJRDGS,2022-05-26,yellow,16.0,green,98.0
379,1372,Maschhoff_TPLJ_RM1_C,MO201601-W9GJRDGS,2022-05-27,yellow,20.0,green,99.0
380,1372,Maschhoff_TPLJ_RM1_C,MO201601-W9GJRDGS,2022-05-28,yellow,24.5,green,97.0
381,1372,Maschhoff_TPLJ_RM1_C,MO201601-W9GJRDGS,2022-05-29,green,25.5,green,98.0
382,1372,Maschhoff_TPLJ_RM1_C,MO201601-W9GJRDGS,2022-05-30,red,25.5,green,98.0
383,1372,Maschhoff_TPLJ_RM1_C,MO201601-W9GJRDGS,2022-05-31,yellow,21.0,green,99.0
384,1372,Maschhoff_TPLJ_RM1_C,MO201601-W9GJRDGS,2022-06-01,yellow,19.0,green,99.0
385,1372,Maschhoff_TPLJ_RM1_C,MO201601-W9GJRDGS,2022-06-02,red,20.0,green,97.0
386,1372,Maschhoff_TPLJ_RM1_C,MO201601-W9GJRDGS,2022-06-03,yellow,20.5,green,99.0
387,1372,Maschhoff_TPLJ_RM1_C,MO201601-W9GJRDGS,2022-06-04,green,20.0,green,98.0
388,1372,Maschhoff_TPLJ_RM1_C,MO201601-W9GJRDGS,2022-06-05,green,21.5,green,95.0
389,1372,Maschhoff_TPLJ_RM1_C,MO201601-W9GJRDGS,2022-06-06,green,21.0,green,99.0
390,1372,Maschhoff_TPLJ_RM1_C,MO201601-W9GJRDGS,2022-06-07,green,21.0,green,98.0
391,1372,Maschhoff_TPLJ_RM1_C,MO201601-W9GJRDGS,2022-06-08,yellow,21.0,green,97.0
392,1372,Maschhoff_TPLJ_RM1_C,MO201601-W9GJRDGS,2022-06-09,green,20.0,green,99.0
393,1372,Maschhoff_TPLJ_RM1_C,MO201601-W9GJRDGS,2022-06-10,green,22.0,green,98.0
394,1372,Maschhoff_TPLJ_RM1_C,MO201601-W9GJRDGS,2022-06-11,yellow,24.0,green,97.0
395,1372,Maschhoff_TPLJ_RM1_C,MO201601-W9GJRDGS,2022-06-12,yellow,26.0,green,99.0
396,1372,Maschhoff_TPLJ_RM1_C,MO201601-W9GJRDGS,2022-06-13,yellow,30.0,green,98.0
397,1372,Maschhoff_TPLJ_RM1_C,MO201601-W9GJRDGS,2022-06-14,yellow,30.5,green,99.0
398,1372,Maschhoff_TPLJ_RM1_C,MO201601-W9GJRDGS,2022-06-15,green,22.5,green,99.0
399,1372,Maschhoff_TPLJ_RM1_C,MO201601-W9GJRDGS,2022-06-16,red,25.0,green,99.0
1600,1867,Maschhoff_TPLJ_RM2_E,MO202501-DPMVN7MV,2021-05-15,yellow,,green,
1601,1867,Maschhoff_TPLJ_RM2_E,MO202501-DPMVN7MV,2021-05-16,green,,green,
1602,1867,Maschhoff_TPLJ_RM2_E,MO202501-DPMVN7MV,2021-05-17,green,,green,
1603,1867,Maschhoff_TPLJ_RM2_E,MO202501-DPMVN7MV,2021-05-18,green,,green,
1604,1867,Maschhoff_TPLJ_RM2_E,MO202501-DPMVN7MV,2021-05-19,yellow,,green,
1605,1867,Maschhoff_TPLJ_RM2_E,MO202501-DPMVN7MV,2021-05-20,green,,green,
1606,1867,Maschhoff_TPLJ_RM2_E,MO202501-DPMVN7MV,2021-05-21,yellow,,green,
1607,1867,Maschhoff_TPLJ_RM2_E,MO202501-DPMVN7MV,2021-05-22,yellow,,green,
1608,1867,Maschhoff_TPLJ_RM2_E,MO202501-DPMVN7MV,2021-05-23,yellow,,green,
1609,1867,Maschhoff_TPLJ_RM2_E,MO202501-DPMVN7MV,2021-05-24,yellow,,green,
1610,1867,Maschhoff_TPLJ_RM2_E,MO202501-DPMVN7MV,2021-05-25,red,,green,
1611,1867,Maschhoff_TPLJ_RM2_E,MO202501-DPMVN7MV,2021-05-26,yellow,,green,
1612,1867,Maschhoff_TPLJ_RM2_E,MO202501-DPMVN7MV,2021-05-27,green,,green,
1613,1867,Maschhoff_TPLJ_RM2_E,MO202501-DPMVN7MV,2021-05-28,green,,green,
1614,1867,Maschhoff_TPLJ_RM2_E,MO202501-DPMVN7MV,2021-05-29,yellow,,green,
1615,1867,Maschhoff_TPLJ_RM2_E,MO202501-DPMVN7MV,2021-05-30,yellow,,green,
1616,1867,Maschhoff_TPLJ_RM2_E,MO202501-DPMVN7MV,2021-05-31,red,,green,
1617,1867,Maschhoff_TPLJ_RM2_E,MO202501-DPMVN7MV,2021-06-01,red,,green,
1618,1867,Maschhoff_TPLJ_RM2_E,MO202501-DPMVN7MV,2021-06-02,red,,green,
1619,1867,Maschhoff_TPLJ_RM2_E,MO202501-DPMVN7MV,2021-06-03,yellow,,green,
1620,1867,Maschhoff_TPLJ_RM2_E,MO202501-DPMVN7MV,2021-06-04,yellow,,green,
1621,1867,Maschhoff_TPLJ_RM2_E,MO202501-DPMVN7MV,2021-06-05,yellow,,green,
1622,1867,Maschhoff_TPLJ_RM2_E,MO202501-DPMVN7MV,2021-06-06,green,,green,
1623,1867,Maschhoff_TPLJ_RM2_E,MO202501-DPMVN7MV,2021-06-07,yellow,,green,
1624,1867,Maschhoff_TPLJ_RM2_E,MO202501-DPMVN7MV,2021-06-08,red,,green,
1625,1867,Maschhoff_TPLJ_RM2_E,MO202501-DPMVN7MV,2021-06-09,red,,green,
1626,1867,Maschhoff_TPLJ_RM2_E,MO202501-DPMVN7MV,2021-06-10,yellow,,green,
1627,1867,Maschhoff_TPLJ_RM2_E,MO202501-DPMVN7MV,2021-06-11,red,,green,
1628,1867,Maschhoff_TPLJ_RM2_E,MO202501-DPMVN7MV,2021-06-12,red,,green,
1629,1867,Maschhoff_TPLJ_RM2_E,MO202501-DPMVN7MV,2021-06-13,red,,green,
1630,1867,Maschhoff_TPLJ_RM2_E,MO202501-DPMVN7MV,2021-06-14,red,,green,
1631,1867,Maschhoff_TPLJ_RM2_E,MO202501-DPMVN7MV,2021-06-15,red,,green,
1632,1867,Maschhoff_TPLJ_RM2_E,MO202501-DPMVN7MV,2021-06-16,red,,green,
1633,1867,Maschhoff_TPLJ_RM2_E,MO202501-DPMVN7MV,2021-06-17,red,,green,
1634,1867,Maschhoff_TPLJ_RM2_E,MO202501-DPMVN7MV,2021-06-18,red,,green,
1635,1867,Maschhoff_TPLJ_RM2_E,MO202501-DPMVN7MV,2021-06-19,yellow,,green,
1636,1867,Maschhoff_TPLJ_RM2_E,MO202501-DPMVN7MV,2021-06-20,red,,green,
1637,1867,Maschhoff_TPLJ_RM2_E,MO202501-DPMVN7MV,2021-06-21,red,,green,
1638,1867,Maschhoff_TPLJ_RM2_E,MO202501-DPMVN7MV,2021-06-22,red,,green,
1639,1867,Maschhoff_TPLJ_RM2_E,MO202501-DPMVN7MV,2021-06-23,yellow,,green,
1640,1867,Maschhoff_TPLJ_RM2_E,MO202501-DPMVN7MV,2021-06-24,green,,green,
1641,1867,Maschhoff_TPLJ_RM2_E,MO202501-DPMVN7MV,2021-06-25,green,,green,
1642,1867,Maschhoff_TPLJ_RM2_E,MO202501-DPMVN7MV,2021-06-26,green,,green,
1643,1867,Maschhoff_TPLJ_RM2_E,MO202501-DPMVN7MV,2021-06-27,blue,,blue,
1644,1867,Maschhoff_TPLJ_RM2_E,MO202501-DPMVN7MV,2021-06-28,blue,,blue,
1645,1867,Maschhoff_TPLJ_RM2_E,MO202501-DPMVN7MV,2021-06-29,blue,,blue,
1646,1867,Maschhoff_TPLJ_RM2_E,MO202501-DPMVN7MV,2021-06-30,blue,,blue,
1647,1867,Maschhoff_TPLJ_RM2_E,MO202501-DPMVN7MV,2021-07-01,blue,,blue,
1648,1867,Maschhoff_TPLJ_RM2_E,MO202501-DPMVN7MV,2021-07-02,blue,,blue,
1649,1867,Maschhoff_TPLJ_RM2_E,MO202501-DPMVN7MV,2021-07-03,blue,,blue,
1650,1867,Maschhoff_TPLJ_RM2_E,MO202501-DPMVN7MV,2021-07-04,blue,,blue,
1651,1867,Maschhoff_TPLJ_RM2_E,MO202501-DPMVN7MV,2021-07-05,blue,,blue,
1652,1867,Maschhoff_TPLJ_RM2_E,MO202501-DPMVN7MV,2021-07-06,blue,,blue,
1653,1867,Maschhoff_TPLJ_RM2_E,MO202501-DPMVN7MV,2021-07-07,blue,,blue,
1654,1867,Maschhoff_TPLJ_RM2_E,MO202501-DPMVN7MV,2021-07-08,blue,,blue,
1655,1867,Maschhoff_TPLJ_RM2_E,MO202501-DPMVN7MV,2021-07-09,blue,,blue,
1656,1867,Maschhoff_TPLJ_RM2_E,MO202501-DPMVN7MV,2021-07-10,blue,,blue,
1657,1867,Maschhoff_TPLJ_RM2_E,MO202501-DPMVN7MV,2021-07-11,blue,,blue,
1658,1867,Maschhoff_TPLJ_RM2_E,MO202501-DPMVN7MV,2021-07-12,blue,,blue,
1659,1867,Maschhoff_TPLJ_RM2_E,MO202501-DPMVN7MV,2021-07-13,blue,,blue,
1660,1867,Maschhoff_TPLJ_RM2_E,MO202501-DPMVN7MV,2021-07-14,blue,,blue,
1661,1867,Maschhoff_TPLJ_RM2_E,MO202501-DPMVN7MV,2021-07-15,blue,,blue,
1662,1867,Maschhoff_TPLJ_RM2_E,MO202501-DPMVN7MV,2021-07-16,blue,,blue,
1663,1867,Maschhoff_TPLJ_RM2_E,MO202501-DPMVN7MV,2021-07-17,blue,,blue,
1664,1867,Maschhoff_TPLJ_RM2_E,MO202501-DPMVN7MV,2021-07-18,blue,,blue,
1665,1867,Maschhoff_TPLJ_RM2_E,MO202501-DPMVN7MV,2021-07-19,blue,,blue,
1666,1867,Maschhoff_TPLJ_RM2_E,MO202501-DPMVN7MV,2021-07-20,blue,,blue,
1667,1867,Maschhoff_TPLJ_RM2_E,MO202501-DPMVN7MV,2021-07-21,blue,,blue,
1668,1867,Maschhoff_TPLJ_RM2_E,MO202501-DPMVN7MV,2021-07-22,blue,,blue,
1669,1867,Maschhoff_TPLJ_RM2_E,MO202501-DPMVN7MV,2021-07-23,blue,,blue,
1670,1867,Maschhoff_TPLJ_RM2_E,MO202501-DPMVN7MV,2021-07-24,blue,,blue,
1671,1867,Maschhoff_TPLJ_RM2_E,MO202501-DPMVN7MV,2021-07-25,blue,,blue,
1672,1867,Maschhoff_TPLJ_RM2_E,MO202501-DPMVN7MV,2021-07-26,red,,blue,
1673,1867,Maschhoff_TPLJ_RM2_E,MO202501-DPMVN7MV,2021-07-27,yellow,30.0,blue,
1674,1867,Maschhoff_TPLJ_RM2_E,MO202501-DPMVN7MV,2021-07-28,yellow,28.5,green,83.0
1675,1867,Maschhoff_TPLJ_RM2_E,MO202501-DPMVN7MV,2021-07-29,yellow,27.0,green,92.0
1676,1867,Maschhoff_TPLJ_RM2_E,MO202501-DPMVN7MV,2021-07-30,green,22.0,green,98.0
1677,1867,Maschhoff_TPLJ_RM2_E,MO202501-DPMVN7MV,2021-07-31,green,23.0,green,97.0
1678,1867,Maschhoff_TPLJ_RM2_E,MO202501-DPMVN7MV,2021-08-01,green,19.0,blue,
1679,1867,Maschhoff_TPLJ_RM2_E,MO202501-DPMVN7MV,2021-08-02,green,,blue,
1680,1867,Maschhoff_TPLJ_RM2_E,MO202501-DPMVN7MV,2021-08-03,green,,blue,
1681,1867,Maschhoff_TPLJ_RM2_E,MO202501-DPMVN7MV,2021-08-04,green,,blue,
1682,1867,Maschhoff_TPLJ_RM2_E,MO202501-DPMVN7MV,2021-08-05,green,,blue,
1683,1867,Maschhoff_TPLJ_RM2_E,MO202501-DPMVN7MV,2021-08-06,green,,blue,
1684,1867,Maschhoff_TPLJ_RM2_E,MO202501-DPMVN7MV,2021-08-07,green,,blue,
1685,1867,Maschhoff_TPLJ_RM2_E,MO202501-DPMVN7MV,2021-08-08,green,,blue,
1686,1867,Maschhoff_TPLJ_RM2_E,MO202501-DPMVN7MV,2021-08-09,green,,blue,
1687,1867,Maschhoff_TPLJ_RM2_E,MO202501-DPMVN7MV,2021-08-10,green,,blue,
1688,1867,Maschhoff_TPLJ_RM2_E,MO202501-DPMVN7MV,2021-08-11,green,,blue,
1689,1867,Maschhoff_TPLJ_RM2_E,MO202501-DPMVN7MV,2021-08-12,green,,blue,
1690,1867,Maschhoff_TPLJ_RM2_E,MO202501-DPMVN7MV,2021-08-13,green,,blue,
1691,1867,Maschhoff_TPLJ_RM2_E,MO202501-DPMVN7MV,2021-08-14,green,,blue,
1692,1867,Maschhoff_TPLJ_RM2_E,MO202501-DPMVN7MV,2021-08-15,green,,blue,
1693,1867,Maschhoff_TPLJ_RM2_E,MO202501-DPMVN7MV,2021-08-16,green,,blue,
1694,1867,Maschhoff_TPLJ_RM2_E,MO202501-DPMVN7MV,2021-08-17,green,,blue,
1695,1867,Maschhoff_TPLJ_RM2_E,MO202501-DPMVN7MV,2021-08-18,green,,blue,
1696,1867,Maschhoff_TPLJ_RM2_E,MO202501-DPMVN7MV,2021-08-19,green,,blue,
1697,1867,Maschhoff_TPLJ_RM2_E,MO202501-DPMVN7MV,2021-08-20,green,,blue,
1698,1867,Maschhoff_TPLJ_RM2_E,MO202501-DPMVN7MV,2021-08-21,green,,blue,
1699,1867,Maschhoff_TPLJ_RM2_E,MO202501-DPMVN7MV,2021-08-22,green,,blue,
1700,1867,Maschhoff_TPLJ_RM2_E,MO202501-DPMVN7MV,2021-08-23,green,,blue,
1701,1867,Maschhoff_TPLJ_RM2_E,MO202501-DPMVN7MV,2021-08-24,green,,blue,
1702,1867,Maschhoff_TPLJ_RM2_E,MO202501-DPMVN7MV,2021-08-25,green,,blue,
1703,1867,Maschhoff_TPLJ_RM2_E,MO202501-DPMVN7MV,2021-08-26,green,,blue,
1704,1867,Maschhoff_TPLJ_RM2_E,MO202501-DPMVN7MV,2021-08-27,green,,blue,
1705,1867,Maschhoff_TPLJ_RM2_E,MO202501-DPMVN7MV,2021-08-28,green,,blue,
1706,1867,Maschhoff_TPLJ_RM2_E,MO202501-DPMVN7MV,2021-08-29,green,,blue,
1707,1867,Maschhoff_TPLJ_RM2_E,MO202501-DPMVN7MV,2021-08-30,yellow,28.0,blue,
1708,1867,Maschhoff_TPLJ_RM2_E,MO202501-DPMVN7MV,2021-08-31,yellow,26.0,green,83.0
1709,1867,Maschhoff_TPLJ_RM2_E,MO202501-DPMVN7MV,2021-09-01,green,27.5,green,80.0
1710,1867,Maschhoff_TPLJ_RM2_E,MO202501-DPMVN7MV,2021-09-02,green,25.5,green,72.0
1711,1867,Maschhoff_TPLJ_RM2_E,MO202501-DPMVN7MV,2021-09-03,green,26.0,green,73.0
1712,1867,Maschhoff_TPLJ_RM2_E,MO202501-DPMVN7MV,2021-09-04,green,25.5,green,79.0
1713,1867,Maschhoff_TPLJ_RM2_E,MO202501-DPMVN7MV,2021-09-05,yellow,26.5,green,79.0
1714,1867,Maschhoff_TPLJ_RM2_E,MO202501-DPMVN7MV,2021-09-06,green,27.5,green,76.0
1715,1867,Maschhoff_TPLJ_RM2_E,MO202501-DPMVN7MV,2021-09-07,green,27.0,green,81.0
1716,1867,Maschhoff_TPLJ_RM2_E,MO202501-DPMVN7MV,2021-09-08,green,26.5,yellow,55.0
1717,1867,Maschhoff_TPLJ_RM2_E,MO202501-DPMVN7MV,2021-09-09,green,26.5,yellow,45.0
1718,1867,Maschhoff_TPLJ_RM2_E,MO202501-DPMVN7MV,2021-09-10,green,26.5,red,36.0
1719,1867,Maschhoff_TPLJ_RM2_E,MO202501-DPMVN7MV,2021-09-11,green,28.0,yellow,54.0
1720,1867,Maschhoff_TPLJ_RM2_E,MO202501-DPMVN7MV,2021-09-12,yellow,26.5,yellow,52.0
1721,1867,Maschhoff_TPLJ_RM2_E,MO202501-DPMVN7MV,2021-09-13,green,26.5,yellow,56.0
1722,1867,Maschhoff_TPLJ_RM2_E,MO202501-DPMVN7MV,2021-09-14,yellow,25.5,yellow,54.0
1723,1867,Maschhoff_TPLJ_RM2_E,MO202501-DPMVN7MV,2021-09-15,yellow,26.0,yellow,56.0
1724,1867,Maschhoff_TPLJ_RM2_E,MO202501-DPMVN7MV,2021-09-16,green,27.5,green,69.0
1725,1867,Maschhoff_TPLJ_RM2_E,MO202501-DPMVN7MV,2021-09-17,green,26.0,yellow,52.0
1726,1867,Maschhoff_TPLJ_RM2_E,MO202501-DPMVN7MV,2021-09-18,green,26.5,yellow,52.0
1727,1867,Maschhoff_TPLJ_RM2_E,MO202501-DPMVN7MV,2021-09-19,green,28.5,yellow,48.0
1728,1867,Maschhoff_TPLJ_RM2_E,MO202501-DPMVN7MV,2021-09-20,green,26.5,yellow,43.0
1729,1867,Maschhoff_TPLJ_RM2_E,MO202501-DPMVN7MV,2021-09-21,yellow,24.0,yellow,44.0
1730,1867,Maschhoff_TPLJ_RM2_E,MO202501-DPMVN7MV,2021-09-22,yellow,24.5,red,30.0
1731,1867,Maschhoff_TPLJ_RM2_E,MO202501-DPMVN7MV,2021-09-23,yellow,25.0,red,33.0
1732,1867,Maschhoff_TPLJ_RM2_E,MO202501-DPMVN7MV,2021-09-24,yellow,24.0,red,31.0
1733,1867,Maschhoff_TPLJ_RM2_E,MO202501-DPMVN7MV,2021-09-25,green,24.5,red,35.0
1734,1867,Maschhoff_TPLJ_RM2_E,MO202501-DPMVN7MV,2021-09-26,yellow,25.5,red,22.0
1735,1867,Maschhoff_TPLJ_RM2_E,MO202501-DPMVN7MV,2021-09-27,red,25.0,red,31.0
1736,1867,Maschhoff_TPLJ_RM2_E,MO202501-DPMVN7MV,2021-09-28,yellow,26.0,red,34.0
1737,1867,Maschhoff_TPLJ_RM2_E,MO202501-DPMVN7MV,2021-09-29,green,26.0,red,32.0
1738,1867,Maschhoff_TPLJ_RM2_E,MO202501-DPMVN7MV,2021-09-30,yellow,26.0,red,31.0
1739,1867,Maschhoff_TPLJ_RM2_E,MO202501-DPMVN7MV,2021-10-01,green,26.0,red,30.0
1740,1867,Maschhoff_TPLJ_RM2_E,MO202501-DPMVN7MV,2021-10-02,green,25.5,red,24.0
1741,1867,Maschhoff_TPLJ_RM2_E,MO202501-DPMVN7MV,2021-10-03,yellow,24.5,red,20.0
1742,1867,Maschhoff_TPLJ_RM2_E,MO202501-DPMVN7MV,2021-10-04,yellow,22.5,red,20.0
1743,1867,Maschhoff_TPLJ_RM2_E,MO202501-DPMVN7MV,2021-10-05,green,22.0,red,18.0
1744,1867,Maschhoff_TPLJ_RM2_E,MO202501-DPMVN7MV,2021-10-06,green,22.5,red,18.0
1745,1867,Maschhoff_TPLJ_RM2_E,MO202501-DPMVN7MV,2021-10-07,yellow,23.0,red,22.0
1746,1867,Maschhoff_TPLJ_RM2_E,MO202501-DPMVN7MV,2021-10-08,yellow,24.0,red,27.0
1747,1867,Maschhoff_TPLJ_RM2_E,MO202501-DPMVN7MV,2021-10-09,green,23.0,red,26.0
1748,1867,Maschhoff_TPLJ_RM2_E,MO202501-DPMVN7MV,2021-10-10,yellow,22.5,red,28.0
1749,1867,Maschhoff_TPLJ_RM2_E,MO202501-DPMVN7MV,2021-10-11,yellow,21.0,red,33.0
1750,1867,Maschhoff_TPLJ_RM2_E,MO202501-DPMVN7MV,2021-10-12,yellow,21.5,red,34.0
1751,1867,Maschhoff_TPLJ_RM2_E,MO202501-DPMVN7MV,2021-10-13,yellow,23.0,red,36.0
1752,1867,Maschhoff_TPLJ_RM2_E,MO202501-DPMVN7MV,2021-10-14,yellow,20.5,red,31.0
1753,1867,Maschhoff_TPLJ_RM2_E,MO202501-DPMVN7MV,2021-10-15,yellow,20.5,yellow,55.0
1754,1867,Maschhoff_TPLJ_RM2_E,MO202501-DPMVN7MV,2021-10-16,yellow,20.5,yellow,53.0
1755,1867,Maschhoff_TPLJ_RM2_E,MO202501-DPMVN7MV,2021-10-17,yellow,21.0,yellow,53.0
1756,1867,Maschhoff_TPLJ_RM2_E,MO202501-DPMVN7MV,2021-10-18,yellow,22.5,yellow,55.0
1757,1867,Maschhoff_TPLJ_RM2_E,MO202501-DPMVN7MV,2021-10-19,yellow,22.5,green,71.0
1758,1867,Maschhoff_TPLJ_RM2_E,MO202501-DPMVN7MV,2021-10-20,yellow,20.5,green,66.0
1759,1867,Maschhoff_TPLJ_RM2_E,MO202501-DPMVN7MV,2021-10-21,yellow,19.5,green,68.0
1760,1867,Maschhoff_TPLJ_RM2_E,MO202501-DPMVN7MV,2021-10-22,green,19.5,yellow,55.0
1761,1867,Maschhoff_TPLJ_RM2_E,MO202501-DPMVN7MV,2021-10-23,green,20.0,red,29.0
1762,1867,Maschhoff_TPLJ_RM2_E,MO202501-DPMVN7MV,2021-10-24,green,19.5,red,28.0
1763,1867,Maschhoff_TPLJ_RM2_E,MO202501-DPMVN7MV,2021-10-25,green,19.5,red,27.0
1764,1867,Maschhoff_TPLJ_RM2_E,MO202501-DPMVN7MV,2021-10-26,green,21.0,red,34.0
1765,1867,Maschhoff_TPLJ_RM2_E,MO202501-DPMVN7MV,2021-10-27,green,22.0,red,36.0
1766,1867,Maschhoff_TPLJ_RM2_E,MO202501-DPMVN7MV,2021-10-28,yellow,19.5,yellow,50.0
1767,1867,Maschhoff_TPLJ_RM2_E,MO202501-DPMVN7MV,2021-10-29,red,20.0,yellow,50.0
1768,1867,Maschhoff_TPLJ_RM2_E,MO202501-DPMVN7MV,2021-10-30,yellow,23.0,yellow,49.0
1769,1867,Maschhoff_TPLJ_RM2_E,MO202501-DPMVN7MV,2021-10-31,red,23.5,red,32.0
1770,1867,Maschhoff_TPLJ_RM2_E,MO202501-DPMVN7MV,2021-11-01,yellow,21.5,red,19.0
1771,1867,Maschhoff_TPLJ_RM2_E,MO202501-DPMVN7MV,2021-11-02,green,19.0,red,17.0
1772,1867,Maschhoff_TPLJ_RM2_E,MO202501-DPMVN7MV,2021-11-03,green,19.0,red,13.0
1773,1867,Maschhoff_TPLJ_RM2_E,MO202501-DPMVN7MV,2021-11-04,green,19.5,red,14.0
1774,1867,Maschhoff_TPLJ_RM2_E,MO202501-DPMVN7MV,2021-11-05,green,20.0,red,25.0
1775,1867,Maschhoff_TPLJ_RM2_E,MO202501-DPMVN7MV,2021-11-06,yellow,20.0,red,36.0
1776,1867,Maschhoff_TPLJ_RM2_E,MO202501-DPMVN7MV,2021-11-07,green,20.0,red,29.0
1777,1867,Maschhoff_TPLJ_RM2_E,MO202501-DPMVN7MV,2021-11-08,green,19.5,yellow,52.0
1778,1867,Maschhoff_TPLJ_RM2_E,MO202501-DPMVN7MV,2021-11-09,green,18.5,yellow,54.0
1779,1867,Maschhoff_TPLJ_RM2_E,MO202501-DPMVN7MV,2021-11-10,green,18.5,green,71.0
1780,1867,Maschhoff_TPLJ_RM2_E,MO202501-DPMVN7MV,2021-11-11,green,18.0,green,72.0
1781,1867,Maschhoff_TPLJ_RM2_E,MO202501-DPMVN7MV,2021-11-12,green,19.0,green,73.0
1782,1867,Maschhoff_TPLJ_RM2_E,MO202501-DPMVN7MV,2021-11-13,green,19.0,green,
1783,1867,Maschhoff_TPLJ_RM2_E,MO202501-DPMVN7MV,2021-11-13,green,18.0,green,70.0
1784,1867,Maschhoff_TPLJ_RM2_E,MO202501-DPMVN7MV,2021-11-14,green,18.5,green,75.0
1785,1867,Maschhoff_TPLJ_RM2_E,MO202501-DPMVN7MV,2021-11-15,green,18.5,green,71.0
1786,1867,Maschhoff_TPLJ_RM2_E,MO202501-DPMVN7MV,2021-11-16,red,18.5,green,75.0
1787,1867,Maschhoff_TPLJ_RM2_E,MO202501-DPMVN7MV,2021-11-17,green,18.5,green,81.0
1788,1867,Maschhoff_TPLJ_RM2_E,MO202501-DPMVN7MV,2021-11-18,yellow,17.5,green,79.0
1789,1867,Maschhoff_TPLJ_RM2_E,MO202501-DPMVN7MV,2021-11-19,green,17.5,green,82.0
1790,1867,Maschhoff_TPLJ_RM2_E,MO202501-DPMVN7MV,2021-11-20,green,18.0,green,82.0
1791,1867,Maschhoff_TPLJ_RM2_E,MO202501-DPMVN7MV,2021-11-21,green,17.5,green,76.0
1792,1867,Maschhoff_TPLJ_RM2_E,MO202501-DPMVN7MV,2021-11-22,green,17.5,yellow,51.0
1793,1867,Maschhoff_TPLJ_RM2_E,MO202501-DPMVN7MV,2021-11-23,green,20.0,red,31.0
1794,1867,Maschhoff_TPLJ_RM2_E,MO202501-DPMVN7MV,2021-11-24,green,18.5,red,34.0
1795,1867,Maschhoff_TPLJ_RM2_E,MO202501-DPMVN7MV,2021-11-25,green,17.0,yellow,54.0
1796,1867,Maschhoff_TPLJ_RM2_E,MO202501-DPMVN7MV,2021-11-26,green,17.5,green,73.0
1797,1867,Maschhoff_TPLJ_RM2_E,MO202501-DPMVN7MV,2021-11-27,green,18.5,green,77.0
1798,1867,Maschhoff_TPLJ_RM2_E,MO202501-DPMVN7MV,2021-11-28,green,17.0,green,80.0
1799,1867,Maschhoff_TPLJ_RM2_E,MO202501-DPMVN7MV,2021-11-29,yellow,18.5,green,84.0
1800,1867,Maschhoff_TPLJ_RM2_E,MO202501-DPMVN7MV,2021-11-30,green,18.5,green,87.0
1801,1867,Maschhoff_TPLJ_RM2_E,MO202501-DPMVN7MV,2021-12-01,green,19.5,green,82.0
1802,1867,Maschhoff_TPLJ_RM2_E,MO202501-DPMVN7MV,2021-12-02,green,19.0,green,84.0
1803,1867,Maschhoff_TPLJ_RM2_E,MO202501-DPMVN7MV,2021-12-03,green,18.0,green,80.0
1804,1867,Maschhoff_TPLJ_RM2_E,MO202501-DPMVN7MV,2021-12-04,green,16.5,green,86.0
1805,1867,Maschhoff_TPLJ_RM2_E,MO202501-DPMVN7MV,2021-12-05,green,18.0,green,87.0
1806,1867,Maschhoff_TPLJ_RM2_E,MO202501-DPMVN7MV,2021-12-06,green,17.5,green,83.0
1807,1867,Maschhoff_TPLJ_RM2_E,MO202501-DPMVN7MV,2021-12-07,green,17.5,green,85.0
1808,1867,Maschhoff_TPLJ_RM2_E,MO202501-DPMVN7MV,2021-12-08,green,17.5,green,87.0
1809,1867,Maschhoff_TPLJ_RM2_E,MO202501-DPMVN7MV,2021-12-09,green,17.5,green,82.0
1810,1867,Maschhoff_TPLJ_RM2_E,MO202501-DPMVN7MV,2021-12-10,green,17.0,green,84.0
1811,1867,Maschhoff_TPLJ_RM2_E,MO202501-DPMVN7MV,2021-12-11,green,17.5,green,85.0
1812,1867,Maschhoff_TPLJ_RM2_E,MO202501-DPMVN7MV,2021-12-12,green,17.5,green,82.0
1813,1867,Maschhoff_TPLJ_RM2_E,MO202501-DPMVN7MV,2021-12-13,green,17.5,green,80.0
1814,1867,Maschhoff_TPLJ_RM2_E,MO202501-DPMVN7MV,2021-12-14,green,18.5,green,88.0
1815,1867,Maschhoff_TPLJ_RM2_E,MO202501-DPMVN7MV,2021-12-15,yellow,20.5,green,91.0
1816,1867,Maschhoff_TPLJ_RM2_E,MO202501-DPMVN7MV,2021-12-16,yellow,17.0,green,84.0
1817,1867,Maschhoff_TPLJ_RM2_E,MO202501-DPMVN7MV,2021-12-17,green,17.0,green,89.0
1818,1867,Maschhoff_TPLJ_RM2_E,MO202501-DPMVN7MV,2021-12-18,green,17.5,green,86.0
1819,1867,Maschhoff_TPLJ_RM2_E,MO202501-DPMVN7MV,2021-12-19,green,17.0,green,88.0
1820,1867,Maschhoff_TPLJ_RM2_E,MO202501-DPMVN7MV,2021-12-20,red,17.0,green,86.0
1821,1867,Maschhoff_TPLJ_RM2_E,MO202501-DPMVN7MV,2021-12-21,yellow,16.5,green,89.0
1822,1867,Maschhoff_TPLJ_RM2_E,MO202501-DPMVN7MV,2021-12-22,green,17.0,green,85.0
1823,1867,Maschhoff_TPLJ_RM2_E,MO202501-DPMVN7MV,2021-12-23,green,17.0,green,86.0
1824,1867,Maschhoff_TPLJ_RM2_E,MO202501-DPMVN7MV,2021-12-24,green,17.5,green,81.0
1825,1867,Maschhoff_TPLJ_RM2_E,MO202501-DPMVN7MV,2021-12-25,green,17.5,green,83.0
1826,1867,Maschhoff_TPLJ_RM2_E,MO202501-DPMVN7MV,2021-12-26,green,17.0,green,87.0
1827,1867,Maschhoff_TPLJ_RM2_E,MO202501-DPMVN7MV,2021-12-27,green,17.5,green,86.0
1828,1867,Maschhoff_TPLJ_RM2_E,MO202501-DPMVN7MV,2021-12-28,green,17.0,green,87.0
1829,1867,Maschhoff_TPLJ_RM2_E,MO202501-DPMVN7MV,2021-12-29,yellow,16.5,green,91.0
1830,1867,Maschhoff_TPLJ_RM2_E,MO202501-DPMVN7MV,2021-12-30,green,17.0,green,86.0
1831,1867,Maschhoff_TPLJ_RM2_E,MO202501-DPMVN7MV,2021-12-31,green,17.5,green,85.0
1832,1867,Maschhoff_TPLJ_RM2_E,MO202501-DPMVN7MV,2022-01-01,green,16.5,green,88.0
1833,1867,Maschhoff_TPLJ_RM2_E,MO202501-DPMVN7MV,2022-01-02,red,15.5,green,91.0
1834,1867,Maschhoff_TPLJ_RM2_E,MO202501-DPMVN7MV,2022-01-03,green,15.0,green,87.0
1835,1867,Maschhoff_TPLJ_RM2_E,MO202501-DPMVN7MV,2022-01-04,green,17.5,green,87.0
1836,1867,Maschhoff_TPLJ_RM2_E,MO202501-DPMVN7MV,2022-01-05,green,17.0,green,90.0
1837,1867,Maschhoff_TPLJ_RM2_E,MO202501-DPMVN7MV,2022-01-06,green,16.5,green,88.0
1838,1867,Maschhoff_TPLJ_RM2_E,MO202501-DPMVN7MV,2022-01-07,red,15.5,green,90.0
1839,1867,Maschhoff_TPLJ_RM2_E,MO202501-DPMVN7MV,2022-01-08,green,17.0,green,87.0
1840,1867,Maschhoff_TPLJ_RM2_E,MO202501-DPMVN7MV,2022-01-09,yellow,17.0,green,87.0
1841,1867,Maschhoff_TPLJ_RM2_E,MO202501-DPMVN7MV,2022-01-10,green,18.0,green,78.0
1842,1867,Maschhoff_TPLJ_RM2_E,MO202501-DPMVN7MV,2022-01-11,green,17.0,green,68.0
1843,1867,Maschhoff_TPLJ_RM2_E,MO202501-DPMVN7MV,2022-01-12,green,17.0,green,74.0
1844,1867,Maschhoff_TPLJ_RM2_E,MO202501-DPMVN7MV,2022-01-13,green,16.5,green,77.0
1845,1867,Maschhoff_TPLJ_RM2_E,MO202501-DPMVN7MV,2022-01-14,yellow,16.0,green,77.0
1846,1867,Maschhoff_TPLJ_RM2_E,MO202501-DPMVN7MV,2022-01-15,yellow,16.0,green,80.0
1847,1867,Maschhoff_TPLJ_RM2_E,MO202501-DPMVN7MV,2022-01-16,green,15.5,green,82.0
1848,1867,Maschhoff_TPLJ_RM2_E,MO202501-DPMVN7MV,2022-01-17,red,17.0,green,86.0
1849,1867,Maschhoff_TPLJ_RM2_E,MO202501-DPMVN7MV,2022-01-18,green,20.0,green,86.0
1850,1867,Maschhoff_TPLJ_RM2_E,MO202501-DPMVN7MV,2022-01-19,yellow,15.5,green,86.0
1851,1867,Maschhoff_TPLJ_RM2_E,MO202501-DPMVN7MV,2022-01-20,red,17.0,green,78.0
1852,1867,Maschhoff_TPLJ_RM2_E,MO202501-DPMVN7MV,2022-01-21,green,15.0,green,81.0
1853,1867,Maschhoff_TPLJ_RM2_E,MO202501-DPMVN7MV,2022-01-22,green,16.0,green,81.0
1854,1867,Maschhoff_TPLJ_RM2_E,MO202501-DPMVN7MV,2022-01-23,yellow,15.0,green,69.0
1855,1867,Maschhoff_TPLJ_RM2_E,MO202501-DPMVN7MV,2022-01-24,yellow,16.0,green,78.0
1856,1867,Maschhoff_TPLJ_RM2_E,MO202501-DPMVN7MV,2022-01-25,yellow,16.0,green,79.0
1857,1867,Maschhoff_TPLJ_RM2_E,MO202501-DPMVN7MV,2022-01-26,green,15.5,green,82.0
1858,1867,Maschhoff_TPLJ_RM2_E,MO202501-DPMVN7MV,2022-01-27,yellow,15.5,green,78.0
1859,1867,Maschhoff_TPLJ_RM2_E,MO202501-DPMVN7MV,2022-01-28,green,16.0,green,84.0
1860,1867,Maschhoff_TPLJ_RM2_E,MO202501-DPMVN7MV,2022-01-29,green,16.5,green,82.0
1861,1867,Maschhoff_TPLJ_RM2_E,MO202501-DPMVN7MV,2022-01-30,green,16.5,green,82.0
1862,1867,Maschhoff_TPLJ_RM2_E,MO202501-DPMVN7MV,2022-01-31,yellow,16.0,green,84.0
1863,1867,Maschhoff_TPLJ_RM2_E,MO202501-DPMVN7MV,2022-02-01,blue,17.0,blue,
1864,1867,Maschhoff_TPLJ_RM2_E,MO202501-DPMVN7MV,2022-02-02,blue,,blue,
1865,1867,Maschhoff_TPLJ_RM2_E,MO202501-DPMVN7MV,2022-02-03,blue,,blue,
1866,1867,Maschhoff_TPLJ_RM2_E,MO202501-DPMVN7MV,2022-02-04,blue,,blue,
1867,1867,Maschhoff_TPLJ_RM2_E,MO202501-DPMVN7MV,2022-02-05,blue,,blue,
1868,1867,Maschhoff_TPLJ_RM2_E,MO202501-DPMVN7MV,2022-02-06,blue,,blue,
1869,1867,Maschhoff_TPLJ_RM2_E,MO202501-DPMVN7MV,2022-02-07,blue,29.5,blue,
1870,1867,Maschhoff_TPLJ_RM2_E,MO202501-DPMVN7MV,2022-02-08,blue,,blue,
1871,1867,Maschhoff_TPLJ_RM2_E,MO202501-DPMVN7MV,2022-02-09,blue,,blue,
1872,1867,Maschhoff_TPLJ_RM2_E,MO202501-DPMVN7MV,2022-02-10,blue,,blue,
1873,1867,Maschhoff_TPLJ_RM2_E,MO202501-DPMVN7MV,2022-02-11,blue,,blue,
1874,1867,Maschhoff_TPLJ_RM2_E,MO202501-DPMVN7MV,2022-02-12,blue,,blue,
1875,1867,Maschhoff_TPLJ_RM2_E,MO202501-DPMVN7MV,2022-02-13,blue,,blue,
1876,1867,Maschhoff_TPLJ_RM2_E,MO202501-DPMVN7MV,2022-02-14,blue,,blue,
1877,1867,Maschhoff_TPLJ_RM2_E,MO202501-DPMVN7MV,2022-02-15,blue,,blue,
1878,1867,Maschhoff_TPLJ_RM2_E,MO202501-DPMVN7MV,2022-02-16,blue,,blue,
1879,1867,Maschhoff_TPLJ_RM2_E,MO202501-DPMVN7MV,2022-02-17,blue,,blue,
1880,1867,Maschhoff_TPLJ_RM2_E,MO202501-DPMVN7MV,2022-02-18,blue,,blue,
1881,1867,Maschhoff_TPLJ_RM2_E,MO202501-DPMVN7MV,2022-02-19,blue,,blue,
1882,1867,Maschhoff_TPLJ_RM2_E,MO202501-DPMVN7MV,2022-02-20,blue,,blue,
1883,1867,Maschhoff_TPLJ_RM2_E,MO202501-DPMVN7MV,2022-02-21,blue,,blue,
1884,1867,Maschhoff_TPLJ_RM2_E,MO202501-DPMVN7MV,2022-02-22,blue,,blue,
1885,1867,Maschhoff_TPLJ_RM2_E,MO202501-DPMVN7MV,2022-02-23,blue,,blue,
1886,1867,Maschhoff_TPLJ_RM2_E,MO202501-DPMVN7MV,2022-02-24,blue,,blue,
1887,1867,Maschhoff_TPLJ_RM2_E,MO202501-DPMVN7MV,2022-02-25,blue,,blue,
1888,1867,Maschhoff_TPLJ_RM2_E,MO202501-DPMVN7MV,2022-02-26,blue,,blue,
1889,1867,Maschhoff_TPLJ_RM2_E,MO202501-DPMVN7MV,2022-02-27,blue,,blue,
1890,1867,Maschhoff_TPLJ_RM2_E,MO202501-DPMVN7MV,2022-02-28,blue,,blue,
1891,1867,Maschhoff_TPLJ_RM2_E,MO202501-DPMVN7MV,2022-03-01,blue,,blue,
1892,1867,Maschhoff_TPLJ_RM2_E,MO202501-DPMVN7MV,2022-03-02,blue,,blue,
1893,1867,Maschhoff_TPLJ_RM2_E,MO202501-DPMVN7MV,2022-03-03,blue,,blue,
1894,1867,Maschhoff_TPLJ_RM2_E,MO202501-DPMVN7MV,2022-03-04,blue,,blue,
1895,1867,Maschhoff_TPLJ_RM2_E,MO202501-DPMVN7MV,2022-03-05,blue,,blue,
1896,1867,Maschhoff_TPLJ_RM2_E,MO202501-DPMVN7MV,2022-03-06,blue,,blue,
1897,1867,Maschhoff_TPLJ_RM2_E,MO202501-DPMVN7MV,2022-03-07,blue,,blue,
1898,1867,Maschhoff_TPLJ_RM2_E,MO202501-DPMVN7MV,2022-03-08,blue,,blue,
1899,1867,Maschhoff_TPLJ_RM2_E,MO202501-DPMVN7MV,2022-03-09,blue,,blue,
1900,1867,Maschhoff_TPLJ_RM2_E,MO202501-DPMVN7MV,2022-03-10,blue,,blue,
1901,1867,Maschhoff_TPLJ_RM2_E,MO202501-DPMVN7MV,2022-03-11,blue,28.5,blue,
1902,1867,Maschhoff_TPLJ_RM2_E,MO202501-DPMVN7MV,2022-03-12,green,28.5,blue,33.0
1903,1867,Maschhoff_TPLJ_RM2_E,MO202501-DPMVN7MV,2022-03-13,green,25.5,blue,35.0
1904,1867,Maschhoff_TPLJ_RM2_E,MO202501-DPMVN7MV,2022-03-14,red,25.0,blue,36.0
1905,1867,Maschhoff_TPLJ_RM2_E,MO202501-DPMVN7MV,2022-03-15,red,25.0,blue,38.0
1906,1867,Maschhoff_TPLJ_RM2_E,MO202501-DPMVN7MV,2022-03-16,yellow,24.0,yellow,46.0
1907,1867,Maschhoff_TPLJ_RM2_E,MO202501-DPMVN7MV,2022-03-17,yellow,24.0,yellow,48.0
1908,1867,Maschhoff_TPLJ_RM2_E,MO202501-DPMVN7MV,2022-03-18,red,24.0,blue,
1909,1867,Maschhoff_TPLJ_RM2_E,MO202501-DPMVN7MV,2022-03-19,red,24.5,red,39.0
1910,1867,Maschhoff_TPLJ_RM2_E,MO202501-DPMVN7MV,2022-03-20,green,24.0,red,29.0
1911,1867,Maschhoff_TPLJ_RM2_E,MO202501-DPMVN7MV,2022-03-21,yellow,21.5,red,28.0
1912,1867,Maschhoff_TPLJ_RM2_E,MO202501-DPMVN7MV,2022-03-22,yellow,23.0,red,39.0
1913,1867,Maschhoff_TPLJ_RM2_E,MO202501-DPMVN7MV,2022-03-23,red,24.0,red,40.0
1914,1867,Maschhoff_TPLJ_RM2_E,MO202501-DPMVN7MV,2022-03-24,red,23.0,red,30.0
1915,1867,Maschhoff_TPLJ_RM2_E,MO202501-DPMVN7MV,2022-03-25,yellow,21.5,yellow,53.0
1916,1867,Maschhoff_TPLJ_RM2_E,MO202501-DPMVN7MV,2022-03-26,yellow,23.0,yellow,51.0
1917,1867,Maschhoff_TPLJ_RM2_E,MO202501-DPMVN7MV,2022-03-27,yellow,23.0,yellow,56.0
1918,1867,Maschhoff_TPLJ_RM2_E,MO202501-DPMVN7MV,2022-03-28,red,21.5,yellow,49.0
1919,1867,Maschhoff_TPLJ_RM2_E,MO202501-DPMVN7MV,2022-03-29,green,19.5,yellow,54.0
1920,1867,Maschhoff_TPLJ_RM2_E,MO202501-DPMVN7MV,2022-03-30,yellow,20.5,yellow,49.0
1921,1867,Maschhoff_TPLJ_RM2_E,MO202501-DPMVN7MV,2022-03-31,red,21.0,yellow,57.0
1922,1867,Maschhoff_TPLJ_RM2_E,MO202501-DPMVN7MV,2022-04-01,yellow,20.5,green,67.0
1923,1867,Maschhoff_TPLJ_RM2_E,MO202501-DPMVN7MV,2022-04-02,red,19.0,green,64.0
1924,1867,Maschhoff_TPLJ_RM2_E,MO202501-DPMVN7MV,2022-04-03,green,19.5,green,65.0
1925,1867,Maschhoff_TPLJ_RM2_E,MO202501-DPMVN7MV,2022-04-04,yellow,19.0,yellow,53.0
1926,1867,Maschhoff_TPLJ_RM2_E,MO202501-DPMVN7MV,2022-04-05,red,18.0,red,32.0
1927,1867,Maschhoff_TPLJ_RM2_E,MO202501-DPMVN7MV,2022-04-06,red,17.5,red,24.0
1928,1867,Maschhoff_TPLJ_RM2_E,MO202501-DPMVN7MV,2022-04-07,red,18.0,red,12.0
1929,1867,Maschhoff_TPLJ_RM2_E,MO202501-DPMVN7MV,2022-04-08,red,18.0,red,13.0
1930,1867,Maschhoff_TPLJ_RM2_E,MO202501-DPMVN7MV,2022-04-09,green,19.0,red,12.0
1931,1867,Maschhoff_TPLJ_RM2_E,MO202501-DPMVN7MV,2022-04-10,yellow,18.5,red,13.0
1932,1867,Maschhoff_TPLJ_RM2_E,MO202501-DPMVN7MV,2022-04-11,yellow,18.5,red,25.0
1933,1867,Maschhoff_TPLJ_RM2_E,MO202501-DPMVN7MV,2022-04-12,yellow,19.5,red,31.0
1934,1867,Maschhoff_TPLJ_RM2_E,MO202501-DPMVN7MV,2022-04-13,green,17.5,red,36.0
1935,1867,Maschhoff_TPLJ_RM2_E,MO202501-DPMVN7MV,2022-04-14,green,17.0,red,39.0
1936,1867,Maschhoff_TPLJ_RM2_E,MO202501-DPMVN7MV,2022-04-15,green,17.5,red,33.0
1937,1867,Maschhoff_TPLJ_RM2_E,MO202501-DPMVN7MV,2022-04-16,yellow,16.5,yellow,50.0
1938,1867,Maschhoff_TPLJ_RM2_E,MO202501-DPMVN7MV,2022-04-17,green,15.5,yellow,43.0
1939,1867,Maschhoff_TPLJ_RM2_E,MO202501-DPMVN7MV,2022-04-18,yellow,15.5,red,39.0
1940,1867,Maschhoff_TPLJ_RM2_E,MO202501-DPMVN7MV,2022-04-19,green,15.5,red,37.0
1941,1867,Maschhoff_TPLJ_RM2_E,MO202501-DPMVN7MV,2022-04-20,green,15.5,red,40.0
1942,1867,Maschhoff_TPLJ_RM2_E,MO202501-DPMVN7MV,2022-04-21,green,18.0,yellow,54.0
1943,1867,Maschhoff_TPLJ_RM2_E,MO202501-DPMVN7MV,2022-04-22,green,21.5,yellow,60.0
1944,1867,Maschhoff_TPLJ_RM2_E,MO202501-DPMVN7MV,2022-04-23,yellow,23.0,green,71.0
1945,1867,Maschhoff_TPLJ_RM2_E,MO202501-DPMVN7MV,2022-04-24,green,17.0,green,69.0
1946,1867,Maschhoff_TPLJ_RM2_E,MO202501-DPMVN7MV,2022-04-25,green,17.5,green,77.0
1947,1867,Maschhoff_TPLJ_RM2_E,MO202501-DPMVN7MV,2022-04-26,yellow,18.0,green,81.0
1948,1867,Maschhoff_TPLJ_RM2_E,MO202501-DPMVN7MV,2022-04-27,green,19.0,green,84.0
1949,1867,Maschhoff_TPLJ_RM2_E,MO202501-DPMVN7MV,2022-04-28,green,20.5,green,86.0
1950,1867,Maschhoff_TPLJ_RM2_E,MO202501-DPMVN7MV,2022-04-29,green,20.0,green,80.0
1951,1867,Maschhoff_TPLJ_RM2_E,MO202501-DPMVN7MV,2022-04-30,green,18.5,green,82.0
1952,1867,Maschhoff_TPLJ_RM2_E,MO202501-DPMVN7MV,2022-05-01,green,18.0,green,87.0
1953,1867,Maschhoff_TPLJ_RM2_E,MO202501-DPMVN7MV,2022-05-02,green,16.0,green,87.0
1954,1867,Maschhoff_TPLJ_RM2_E,MO202501-DPMVN7MV,2022-05-03,yellow,16.0,green,91.0
1955,1867,Maschhoff_TPLJ_RM2_E,MO202501-DPMVN7MV,2022-05-04,green,17.5,green,86.0
1956,1867,Maschhoff_TPLJ_RM2_E,MO202501-DPMVN7MV,2022-05-05,green,18.0,green,89.0
1957,1867,Maschhoff_TPLJ_RM2_E,MO202501-DPMVN7MV,2022-05-06,yellow,20.0,green,88.0
1958,1867,Maschhoff_TPLJ_RM2_E,MO202501-DPMVN7MV,2022-05-07,green,20.5,green,89.0
1959,1867,Maschhoff_TPLJ_RM2_E,MO202501-DPMVN7MV,2022-05-08,green,19.5,green,89.0
1960,1867,Maschhoff_TPLJ_RM2_E,MO202501-DPMVN7MV,2022-05-09,red,25.0,green,96.0
1961,1867,Maschhoff_TPLJ_RM2_E,MO202501-DPMVN7MV,2022-05-10,green,22.5,green,95.0
1962,1867,Maschhoff_TPLJ_RM2_E,MO202501-DPMVN7MV,2022-05-11,yellow,27.0,green,95.0
1963,1867,Maschhoff_TPLJ_RM2_E,MO202501-DPMVN7MV,2022-05-12,red,27.5,green,96.0
1964,1867,Maschhoff_TPLJ_RM2_E,MO202501-DPMVN7MV,2022-05-13,red,22.0,green,93.0
1965,1867,Maschhoff_TPLJ_RM2_E,MO202501-DPMVN7MV,2022-05-14,yellow,22.0,green,
1966,1867,Maschhoff_TPLJ_RM2_E,MO202501-DPMVN7MV,2022-05-14,yellow,22.0,green,93.0
1967,1867,Maschhoff_TPLJ_RM2_E,MO202501-DPMVN7MV,2022-05-15,yellow,20.5,green,91.0
1968,1867,Maschhoff_TPLJ_RM2_E,MO202501-DPMVN7MV,2022-05-16,yellow,22.0,green,93.0
1969,1867,Maschhoff_TPLJ_RM2_E,MO202501-DPMVN7MV,2022-05-17,green,21.0,green,96.0
1970,1867,Maschhoff_TPLJ_RM2_E,MO202501-DPMVN7MV,2022-05-18,red,22.5,green,94.0
1971,1867,Maschhoff_TPLJ_RM2_E,MO202501-DPMVN7MV,2022-05-19,red,25.5,green,97.0
1972,1867,Maschhoff_TPLJ_RM2_E,MO202501-DPMVN7MV,2022-05-20,green,20.0,green,93.0
1973,1867,Maschhoff_TPLJ_RM2_E,MO202501-DPMVN7MV,2022-05-21,green,18.0,green,86.0
1974,1867,Maschhoff_TPLJ_RM2_E,MO202501-DPMVN7MV,2022-05-22,yellow,17.5,green,93.0
1975,1867,Maschhoff_TPLJ_RM2_E,MO202501-DPMVN7MV,2022-05-23,green,19.5,green,88.0
1976,1867,Maschhoff_TPLJ_RM2_E,MO202501-DPMVN7MV,2022-05-24,green,19.0,green,81.0
1977,1867,Maschhoff_TPLJ_RM2_E,MO202501-DPMVN7MV,2022-05-25,green,18.0,green,64.0
1978,1867,Maschhoff_TPLJ_RM2_E,MO202501-DPMVN7MV,2022-05-26,yellow,17.5,green,80.0
1979,1867,Maschhoff_TPLJ_RM2_E,MO202501-DPMVN7MV,2022-05-27,yellow,20.5,green,88.0
1980,1867,Maschhoff_TPLJ_RM2_E,MO202501-DPMVN7MV,2022-05-28,red,25.0,green,93.0
1981,1867,Maschhoff_TPLJ_RM2_E,MO202501-DPMVN7MV,2022-05-29,green,25.0,green,95.0
1982,1867,Maschhoff_TPLJ_RM2_E,MO202501-DPMVN7MV,2022-05-30,red,25.0,green,93.0
1983,1867,Maschhoff_TPLJ_RM2_E,MO202501-DPMVN7MV,2022-05-31,green,21.0,green,87.0
1984,1867,Maschhoff_TPLJ_RM2_E,MO202501-DPMVN7MV,2022-06-01,green,19.5,green,77.0
1985,1867,Maschhoff_TPLJ_RM2_E,MO202501-DPMVN7MV,2022-06-02,red,21.0,red,25.0
1986,1867,Maschhoff_TPLJ_RM2_E,MO202501-DPMVN7MV,2022-06-03,red,21.0,red,37.0
1987,1867,Maschhoff_TPLJ_RM2_E,MO202501-DPMVN7MV,2022-06-04,green,21.0,red,32.0
1988,1867,Maschhoff_TPLJ_RM2_E,MO202501-DPMVN7MV,2022-06-05,green,22.0,red,18.0
1989,1867,Maschhoff_TPLJ_RM2_E,MO202501-DPMVN7MV,2022-06-06,green,21.0,red,20.0
1990,1867,Maschhoff_TPLJ_RM2_E,MO202501-DPMVN7MV,2022-06-07,green,21.0,red,39.0
1991,1867,Maschhoff_TPLJ_RM2_E,MO202501-DPMVN7MV,2022-06-08,yellow,21.5,yellow,58.0
1992,1867,Maschhoff_TPLJ_RM2_E,MO202501-DPMVN7MV,2022-06-09,green,21.0,green,81.0
1993,1867,Maschhoff_TPLJ_RM2_E,MO202501-DPMVN7MV,2022-06-10,green,22.5,green,84.0
1994,1867,Maschhoff_TPLJ_RM2_E,MO202501-DPMVN7MV,2022-06-11,yellow,23.5,green,87.0
1995,1867,Maschhoff_TPLJ_RM2_E,MO202501-DPMVN7MV,2022-06-12,yellow,26.0,green,87.0
1996,1867,Maschhoff_TPLJ_RM2_E,MO202501-DPMVN7MV,2022-06-13,yellow,30.0,green,89.0
1997,1867,Maschhoff_TPLJ_RM2_E,MO202501-DPMVN7MV,2022-06-14,red,30.0,green,84.0
1998,1867,Maschhoff_TPLJ_RM2_E,MO202501-DPMVN7MV,2022-06-15,green,22.0,green,89.0
1999,1867,Maschhoff_TPLJ_RM2_E,MO202501-DPMVN7MV,2022-06-16,red,25.0,green,95.0
400,1982,Maschhoff_TPLJ_RM1_E,MO202701-QRND87D5,2021-05-15,yellow,,green,
401,1982,Maschhoff_TPLJ_RM1_E,MO202701-QRND87D5,2021-05-16,green,,green,
402,1982,Maschhoff_TPLJ_RM1_E,MO202701-QRND87D5,2021-05-17,green,,green,
403,1982,Maschhoff_TPLJ_RM1_E,MO202701-QRND87D5,2021-05-18,green,,green,
404,1982,Maschhoff_TPLJ_RM1_E,MO202701-QRND87D5,2021-05-19,yellow,,green,
405,1982,Maschhoff_TPLJ_RM1_E,MO202701-QRND87D5,2021-05-20,green,,green,
406,1982,Maschhoff_TPLJ_RM1_E,MO202701-QRND87D5,2021-05-21,yellow,,green,
407,1982,Maschhoff_TPLJ_RM1_E,MO202701-QRND87D5,2021-05-22,yellow,,green,
408,1982,Maschhoff_TPLJ_RM1_E,MO202701-QRND87D5,2021-05-23,yellow,,green,
409,1982,Maschhoff_TPLJ_RM1_E,MO202701-QRND87D5,2021-05-24,yellow,,green,
410,1982,Maschhoff_TPLJ_RM1_E,MO202701-QRND87D5,2021-05-25,red,,green,
411,1982,Maschhoff_TPLJ_RM1_E,MO202701-QRND87D5,2021-05-26,yellow,,green,
412,1982,Maschhoff_TPLJ_RM1_E,MO202701-QRND87D5,2021-05-27,green,,green,
413,1982,Maschhoff_TPLJ_RM1_E,MO202701-QRND87D5,2021-05-28,green,,green,
414,1982,Maschhoff_TPLJ_RM1_E,MO202701-QRND87D5,2021-05-29,green,,green,
415,1982,Maschhoff_TPLJ_RM1_E,MO202701-QRND87D5,2021-05-30,green,,green,
416,1982,Maschhoff_TPLJ_RM1_E,MO202701-QRND87D5,2021-05-31,red,,green,
417,1982,Maschhoff_TPLJ_RM1_E,MO202701-QRND87D5,2021-06-01,red,,green,
418,1982,Maschhoff_TPLJ_RM1_E,MO202701-QRND87D5,2021-06-02,red,,green,
419,1982,Maschhoff_TPLJ_RM1_E,MO202701-QRND87D5,2021-06-03,yellow,,green,
420,1982,Maschhoff_TPLJ_RM1_E,MO202701-QRND87D5,2021-06-04,red,,green,
421,1982,Maschhoff_TPLJ_RM1_E,MO202701-QRND87D5,2021-06-05,red,,green,
422,1982,Maschhoff_TPLJ_RM1_E,MO202701-QRND87D5,2021-06-06,green,,green,
423,1982,Maschhoff_TPLJ_RM1_E,MO202701-QRND87D5,2021-06-07,yellow,,green,
424,1982,Maschhoff_TPLJ_RM1_E,MO202701-QRND87D5,2021-06-08,red,,green,
425,1982,Maschhoff_TPLJ_RM1_E,MO202701-QRND87D5,2021-06-09,red,,green,
426,1982,Maschhoff_TPLJ_RM1_E,MO202701-QRND87D5,2021-06-10,yellow,,green,
427,1982,Maschhoff_TPLJ_RM1_E,MO202701-QRND87D5,2021-06-11,red,,green,
428,1982,Maschhoff_TPLJ_RM1_E,MO202701-QRND87D5,2021-06-12,red,,green,
429,1982,Maschhoff_TPLJ_RM1_E,MO202701-QRND87D5,2021-06-13,red,,green,
430,1982,Maschhoff_TPLJ_RM1_E,MO202701-QRND87D5,2021-06-14,red,,green,
431,1982,Maschhoff_TPLJ_RM1_E,MO202701-QRND87D5,2021-06-15,red,,green,
432,1982,Maschhoff_TPLJ_RM1_E,MO202701-QRND87D5,2021-06-16,red,,green,
433,1982,Maschhoff_TPLJ_RM1_E,MO202701-QRND87D5,2021-06-17,red,,green,
434,1982,Maschhoff_TPLJ_RM1_E,MO202701-QRND87D5,2021-06-18,red,,green,
435,1982,Maschhoff_TPLJ_RM1_E,MO202701-QRND87D5,2021-06-19,yellow,,green,
436,1982,Maschhoff_TPLJ_RM1_E,MO202701-QRND87D5,2021-06-20,red,,green,
437,1982,Maschhoff_TPLJ_RM1_E,MO202701-QRND87D5,2021-06-21,yellow,,green,
438,1982,Maschhoff_TPLJ_RM1_E,MO202701-QRND87D5,2021-06-22,red,,green,
439,1982,Maschhoff_TPLJ_RM1_E,MO202701-QRND87D5,2021-06-23,yellow,,green,
440,1982,Maschhoff_TPLJ_RM1_E,MO202701-QRND87D5,2021-06-24,green,,green,
441,1982,Maschhoff_TPLJ_RM1_E,MO202701-QRND87D5,2021-06-25,green,,green,
442,1982,Maschhoff_TPLJ_RM1_E,MO202701-QRND87D5,2021-06-26,green,,green,
443,1982,Maschhoff_TPLJ_RM1_E,MO202701-QRND87D5,2021-06-27,blue,,blue,
444,1982,Maschhoff_TPLJ_RM1_E,MO202701-QRND87D5,2021-06-28,blue,,blue,
445,1982,Maschhoff_TPLJ_RM1_E,MO202701-QRND87D5,2021-06-29,blue,,blue,
446,1982,Maschhoff_TPLJ_RM1_E,MO202701-QRND87D5,2021-06-30,blue,,blue,
447,1982,Maschhoff_TPLJ_RM1_E,MO202701-QRND87D5,2021-07-01,blue,,blue,
448,1982,Maschhoff_TPLJ_RM1_E,MO202701-QRND87D5,2021-07-02,blue,,blue,
449,1982,Maschhoff_TPLJ_RM1_E,MO202701-QRND87D5,2021-07-03,blue,,blue,
450,1982,Maschhoff_TPLJ_RM1_E,MO202701-QRND87D5,2021-07-04,blue,,blue,
451,1982,Maschhoff_TPLJ_RM1_E,MO202701-QRND87D5,2021-07-05,blue,,blue,
452,1982,Maschhoff_TPLJ_RM1_E,MO202701-QRND87D5,2021-07-06,blue,,blue,
453,1982,Maschhoff_TPLJ_RM1_E,MO202701-QRND87D5,2021-07-07,blue,,blue,
454,1982,Maschhoff_TPLJ_RM1_E,MO202701-QRND87D5,2021-07-08,blue,,blue,
455,1982,Maschhoff_TPLJ_RM1_E,MO202701-QRND87D5,2021-07-09,blue,,blue,
456,1982,Maschhoff_TPLJ_RM1_E,MO202701-QRND87D5,2021-07-10,blue,,blue,
457,1982,Maschhoff_TPLJ_RM1_E,MO202701-QRND87D5,2021-07-11,blue,,blue,
458,1982,Maschhoff_TPLJ_RM1_E,MO202701-QRND87D5,2021-07-12,blue,,blue,
459,1982,Maschhoff_TPLJ_RM1_E,MO202701-QRND87D5,2021-07-13,blue,,blue,
460,1982,Maschhoff_TPLJ_RM1_E,MO202701-QRND87D5,2021-07-14,blue,,blue,
461,1982,Maschhoff_TPLJ_RM1_E,MO202701-QRND87D5,2021-07-15,blue,,blue,
462,1982,Maschhoff_TPLJ_RM1_E,MO202701-QRND87D5,2021-07-16,blue,,blue,
463,1982,Maschhoff_TPLJ_RM1_E,MO202701-QRND87D5,2021-07-17,blue,,blue,
464,1982,Maschhoff_TPLJ_RM1_E,MO202701-QRND87D5,2021-07-18,blue,,blue,
465,1982,Maschhoff_TPLJ_RM1_E,MO202701-QRND87D5,2021-07-19,blue,,blue,
466,1982,Maschhoff_TPLJ_RM1_E,MO202701-QRND87D5,2021-07-20,blue,,blue,
467,1982,Maschhoff_TPLJ_RM1_E,MO202701-QRND87D5,2021-07-21,blue,,blue,
468,1982,Maschhoff_TPLJ_RM1_E,MO202701-QRND87D5,2021-07-22,blue,,blue,
469,1982,Maschhoff_TPLJ_RM1_E,MO202701-QRND87D5,2021-07-23,blue,,blue,
470,1982,Maschhoff_TPLJ_RM1_E,MO202701-QRND87D5,2021-07-24,blue,,blue,
471,1982,Maschhoff_TPLJ_RM1_E,MO202701-QRND87D5,2021-07-25,blue,,blue,
472,1982,Maschhoff_TPLJ_RM1_E,MO202701-QRND87D5,2021-07-26,red,,blue,
473,1982,Maschhoff_TPLJ_RM1_E,MO202701-QRND87D5,2021-07-27,yellow,29.5,blue,
474,1982,Maschhoff_TPLJ_RM1_E,MO202701-QRND87D5,2021-07-28,yellow,28.0,green,89.0
475,1982,Maschhoff_TPLJ_RM1_E,MO202701-QRND87D5,2021-07-29,yellow,26.5,green,90.0
476,1982,Maschhoff_TPLJ_RM1_E,MO202701-QRND87D5,2021-07-30,green,21.5,green,93.0
477,1982,Maschhoff_TPLJ_RM1_E,MO202701-QRND87D5,2021-07-31,green,23.0,green,99.0
478,1982,Maschhoff_TPLJ_RM1_E,MO202701-QRND87D5,2021-08-01,yellow,21.0,green,99.0
479,1982,Maschhoff_TPLJ_RM1_E,MO202701-QRND87D5,2021-08-02,green,16.5,blue,
480,1982,Maschhoff_TPLJ_RM1_E,MO202701-QRND87D5,2021-08-03,green,,blue,
481,1982,Maschhoff_TPLJ_RM1_E,MO202701-QRND87D5,2021-08-04,green,,blue,
482,1982,Maschhoff_TPLJ_RM1_E,MO202701-QRND87D5,2021-08-05,green,,blue,
483,1982,Maschhoff_TPLJ_RM1_E,MO202701-QRND87D5,2021-08-06,green,,blue,
484,1982,Maschhoff_TPLJ_RM1_E,MO202701-QRND87D5,2021-08-07,green,,blue,
485,1982,Maschhoff_TPLJ_RM1_E,MO202701-QRND87D5,2021-08-08,green,,blue,
486,1982,Maschhoff_TPLJ_RM1_E,MO202701-QRND87D5,2021-08-09,green,,blue,
487,1982,Maschhoff_TPLJ_RM1_E,MO202701-QRND87D5,2021-08-10,green,,blue,
488,1982,Maschhoff_TPLJ_RM1_E,MO202701-QRND87D5,2021-08-11,green,,blue,
489,1982,Maschhoff_TPLJ_RM1_E,MO202701-QRND87D5,2021-08-12,green,,blue,
490,1982,Maschhoff_TPLJ_RM1_E,MO202701-QRND87D5,2021-08-13,green,,blue,
491,1982,Maschhoff_TPLJ_RM1_E,MO202701-QRND87D5,2021-08-14,green,,blue,
492,1982,Maschhoff_TPLJ_RM1_E,MO202701-QRND87D5,2021-08-15,green,,blue,
493,1982,Maschhoff_TPLJ_RM1_E,MO202701-QRND87D5,2021-08-16,green,,blue,
494,1982,Maschhoff_TPLJ_RM1_E,MO202701-QRND87D5,2021-08-17,green,,blue,
495,1982,Maschhoff_TPLJ_RM1_E,MO202701-QRND87D5,2021-08-18,green,,blue,
496,1982,Maschhoff_TPLJ_RM1_E,MO202701-QRND87D5,2021-08-19,green,,blue,
497,1982,Maschhoff_TPLJ_RM1_E,MO202701-QRND87D5,2021-08-20,green,,blue,
498,1982,Maschhoff_TPLJ_RM1_E,MO202701-QRND87D5,2021-08-21,green,,blue,
499,1982,Maschhoff_TPLJ_RM1_E,MO202701-QRND87D5,2021-08-22,green,,blue,
500,1982,Maschhoff_TPLJ_RM1_E,MO202701-QRND87D5,2021-08-23,green,,blue,
501,1982,Maschhoff_TPLJ_RM1_E,MO202701-QRND87D5,2021-08-24,green,,blue,
502,1982,Maschhoff_TPLJ_RM1_E,MO202701-QRND87D5,2021-08-25,green,,blue,
503,1982,Maschhoff_TPLJ_RM1_E,MO202701-QRND87D5,2021-08-26,green,,blue,
504,1982,Maschhoff_TPLJ_RM1_E,MO202701-QRND87D5,2021-08-27,green,,blue,
505,1982,Maschhoff_TPLJ_RM1_E,MO202701-QRND87D5,2021-08-28,green,,blue,
506,1982,Maschhoff_TPLJ_RM1_E,MO202701-QRND87D5,2021-08-29,green,,blue,
507,1982,Maschhoff_TPLJ_RM1_E,MO202701-QRND87D5,2021-08-30,green,25.5,blue,
508,1982,Maschhoff_TPLJ_RM1_E,MO202701-QRND87D5,2021-08-31,green,25.0,green,74.0
509,1982,Maschhoff_TPLJ_RM1_E,MO202701-QRND87D5,2021-09-01,green,25.0,green,68.0
510,1982,Maschhoff_TPLJ_RM1_E,MO202701-QRND87D5,2021-09-02,green,25.0,green,67.0
511,1982,Maschhoff_TPLJ_RM1_E,MO202701-QRND87D5,2021-09-03,green,25.0,yellow,56.0
512,1982,Maschhoff_TPLJ_RM1_E,MO202701-QRND87D5,2021-09-04,green,25.0,yellow,50.0
513,1982,Maschhoff_TPLJ_RM1_E,MO202701-QRND87D5,2021-09-05,yellow,26.0,green,64.0
514,1982,Maschhoff_TPLJ_RM1_E,MO202701-QRND87D5,2021-09-06,green,26.5,green,64.0
515,1982,Maschhoff_TPLJ_RM1_E,MO202701-QRND87D5,2021-09-07,green,25.5,green,65.0
516,1982,Maschhoff_TPLJ_RM1_E,MO202701-QRND87D5,2021-09-08,green,25.0,yellow,54.0
517,1982,Maschhoff_TPLJ_RM1_E,MO202701-QRND87D5,2021-09-09,green,24.5,yellow,46.0
518,1982,Maschhoff_TPLJ_RM1_E,MO202701-QRND87D5,2021-09-10,yellow,25.5,red,36.0
519,1982,Maschhoff_TPLJ_RM1_E,MO202701-QRND87D5,2021-09-11,green,26.5,green,66.0
520,1982,Maschhoff_TPLJ_RM1_E,MO202701-QRND87D5,2021-09-12,green,24.5,green,68.0
521,1982,Maschhoff_TPLJ_RM1_E,MO202701-QRND87D5,2021-09-13,green,24.5,green,72.0
522,1982,Maschhoff_TPLJ_RM1_E,MO202701-QRND87D5,2021-09-14,yellow,23.5,yellow,55.0
523,1982,Maschhoff_TPLJ_RM1_E,MO202701-QRND87D5,2021-09-15,green,24.0,green,64.0
524,1982,Maschhoff_TPLJ_RM1_E,MO202701-QRND87D5,2021-09-16,green,26.0,yellow,51.0
525,1982,Maschhoff_TPLJ_RM1_E,MO202701-QRND87D5,2021-09-17,green,23.5,yellow,46.0
526,1982,Maschhoff_TPLJ_RM1_E,MO202701-QRND87D5,2021-09-18,green,25.0,red,32.0
527,1982,Maschhoff_TPLJ_RM1_E,MO202701-QRND87D5,2021-09-19,green,26.5,red,33.0
528,1982,Maschhoff_TPLJ_RM1_E,MO202701-QRND87D5,2021-09-20,green,23.5,red,22.0
529,1982,Maschhoff_TPLJ_RM1_E,MO202701-QRND87D5,2021-09-21,green,22.0,red,25.0
530,1982,Maschhoff_TPLJ_RM1_E,MO202701-QRND87D5,2021-09-22,yellow,22.0,red,26.0
531,1982,Maschhoff_TPLJ_RM1_E,MO202701-QRND87D5,2021-09-23,green,22.5,red,23.0
532,1982,Maschhoff_TPLJ_RM1_E,MO202701-QRND87D5,2021-09-24,green,21.5,red,22.0
533,1982,Maschhoff_TPLJ_RM1_E,MO202701-QRND87D5,2021-09-25,green,22.5,red,24.0
534,1982,Maschhoff_TPLJ_RM1_E,MO202701-QRND87D5,2021-09-26,yellow,24.0,red,28.0
535,1982,Maschhoff_TPLJ_RM1_E,MO202701-QRND87D5,2021-09-27,red,24.0,red,29.0
536,1982,Maschhoff_TPLJ_RM1_E,MO202701-QRND87D5,2021-09-28,red,24.5,red,29.0
537,1982,Maschhoff_TPLJ_RM1_E,MO202701-QRND87D5,2021-09-29,green,24.5,red,24.0
538,1982,Maschhoff_TPLJ_RM1_E,MO202701-QRND87D5,2021-09-30,green,24.5,red,17.0
539,1982,Maschhoff_TPLJ_RM1_E,MO202701-QRND87D5,2021-10-01,green,23.5,red,14.0
540,1982,Maschhoff_TPLJ_RM1_E,MO202701-QRND87D5,2021-10-02,green,22.5,red,8.0
541,1982,Maschhoff_TPLJ_RM1_E,MO202701-QRND87D5,2021-10-03,yellow,22.0,red,11.0
542,1982,Maschhoff_TPLJ_RM1_E,MO202701-QRND87D5,2021-10-04,yellow,21.5,red,18.0
543,1982,Maschhoff_TPLJ_RM1_E,MO202701-QRND87D5,2021-10-05,green,21.0,red,19.0
544,1982,Maschhoff_TPLJ_RM1_E,MO202701-QRND87D5,2021-10-06,green,21.5,red,24.0
545,1982,Maschhoff_TPLJ_RM1_E,MO202701-QRND87D5,2021-10-07,green,22.5,red,23.0
546,1982,Maschhoff_TPLJ_RM1_E,MO202701-QRND87D5,2021-10-08,yellow,23.0,red,33.0
547,1982,Maschhoff_TPLJ_RM1_E,MO202701-QRND87D5,2021-10-09,green,23.0,red,36.0
548,1982,Maschhoff_TPLJ_RM1_E,MO202701-QRND87D5,2021-10-10,green,21.0,red,37.0
549,1982,Maschhoff_TPLJ_RM1_E,MO202701-QRND87D5,2021-10-11,yellow,19.5,yellow,52.0
550,1982,Maschhoff_TPLJ_RM1_E,MO202701-QRND87D5,2021-10-12,green,20.5,yellow,52.0
551,1982,Maschhoff_TPLJ_RM1_E,MO202701-QRND87D5,2021-10-13,green,21.0,yellow,55.0
552,1982,Maschhoff_TPLJ_RM1_E,MO202701-QRND87D5,2021-10-14,green,19.0,yellow,52.0
553,1982,Maschhoff_TPLJ_RM1_E,MO202701-QRND87D5,2021-10-15,green,18.5,green,68.0
554,1982,Maschhoff_TPLJ_RM1_E,MO202701-QRND87D5,2021-10-16,yellow,19.0,green,71.0
555,1982,Maschhoff_TPLJ_RM1_E,MO202701-QRND87D5,2021-10-17,green,19.5,green,77.0
556,1982,Maschhoff_TPLJ_RM1_E,MO202701-QRND87D5,2021-10-18,green,20.5,green,75.0
557,1982,Maschhoff_TPLJ_RM1_E,MO202701-QRND87D5,2021-10-19,green,21.0,yellow,54.0
558,1982,Maschhoff_TPLJ_RM1_E,MO202701-QRND87D5,2021-10-20,green,20.0,yellow,55.0
559,1982,Maschhoff_TPLJ_RM1_E,MO202701-QRND87D5,2021-10-21,green,17.5,green,70.0
560,1982,Maschhoff_TPLJ_RM1_E,MO202701-QRND87D5,2021-10-22,green,18.0,yellow,49.0
561,1982,Maschhoff_TPLJ_RM1_E,MO202701-QRND87D5,2021-10-23,green,17.0,red,36.0
562,1982,Maschhoff_TPLJ_RM1_E,MO202701-QRND87D5,2021-10-24,green,17.0,red,34.0
563,1982,Maschhoff_TPLJ_RM1_E,MO202701-QRND87D5,2021-10-25,green,17.0,red,27.0
564,1982,Maschhoff_TPLJ_RM1_E,MO202701-QRND87D5,2021-10-26,green,17.5,red,32.0
565,1982,Maschhoff_TPLJ_RM1_E,MO202701-QRND87D5,2021-10-27,green,17.5,yellow,55.0
566,1982,Maschhoff_TPLJ_RM1_E,MO202701-QRND87D5,2021-10-28,green,17.5,yellow,56.0
567,1982,Maschhoff_TPLJ_RM1_E,MO202701-QRND87D5,2021-10-29,green,18.0,yellow,56.0
568,1982,Maschhoff_TPLJ_RM1_E,MO202701-QRND87D5,2021-10-30,green,18.5,yellow,53.0
569,1982,Maschhoff_TPLJ_RM1_E,MO202701-QRND87D5,2021-10-31,green,17.5,green,72.0
570,1982,Maschhoff_TPLJ_RM1_E,MO202701-QRND87D5,2021-11-01,green,18.5,green,72.0
571,1982,Maschhoff_TPLJ_RM1_E,MO202701-QRND87D5,2021-11-02,green,18.5,green,71.0
572,1982,Maschhoff_TPLJ_RM1_E,MO202701-QRND87D5,2021-11-03,green,18.5,green,70.0
573,1982,Maschhoff_TPLJ_RM1_E,MO202701-QRND87D5,2021-11-04,green,18.5,yellow,52.0
574,1982,Maschhoff_TPLJ_RM1_E,MO202701-QRND87D5,2021-11-05,green,19.0,yellow,50.0
575,1982,Maschhoff_TPLJ_RM1_E,MO202701-QRND87D5,2021-11-06,green,20.0,red,32.0
576,1982,Maschhoff_TPLJ_RM1_E,MO202701-QRND87D5,2021-11-07,green,19.5,red,28.0
577,1982,Maschhoff_TPLJ_RM1_E,MO202701-QRND87D5,2021-11-08,green,18.5,red,34.0
578,1982,Maschhoff_TPLJ_RM1_E,MO202701-QRND87D5,2021-11-09,green,18.5,yellow,53.0
579,1982,Maschhoff_TPLJ_RM1_E,MO202701-QRND87D5,2021-11-10,green,18.0,green,72.0
580,1982,Maschhoff_TPLJ_RM1_E,MO202701-QRND87D5,2021-11-11,green,18.5,green,70.0
581,1982,Maschhoff_TPLJ_RM1_E,MO202701-QRND87D5,2021-11-12,green,18.0,green,78.0
582,1982,Maschhoff_TPLJ_RM1_E,MO202701-QRND87D5,2021-11-13,green,18.0,green,
583,1982,Maschhoff_TPLJ_RM1_E,MO202701-QRND87D5,2021-11-13,green,17.5,green,79.0
584,1982,Maschhoff_TPLJ_RM1_E,MO202701-QRND87D5,2021-11-14,green,17.0,green,79.0
585,1982,Maschhoff_TPLJ_RM1_E,MO202701-QRND87D5,2021-11-15,yellow,17.0,green,82.0
586,1982,Maschhoff_TPLJ_RM1_E,MO202701-QRND87D5,2021-11-16,red,16.5,green,87.0
587,1982,Maschhoff_TPLJ_RM1_E,MO202701-QRND87D5,2021-11-17,yellow,18.0,green,83.0
588,1982,Maschhoff_TPLJ_RM1_E,MO202701-QRND87D5,2021-11-18,green,17.0,green,75.0
589,1982,Maschhoff_TPLJ_RM1_E,MO202701-QRND87D5,2021-11-19,green,17.0,green,66.0
590,1982,Maschhoff_TPLJ_RM1_E,MO202701-QRND87D5,2021-11-20,green,17.5,red,25.0
591,1982,Maschhoff_TPLJ_RM1_E,MO202701-QRND87D5,2021-11-21,green,16.5,red,22.0
592,1982,Maschhoff_TPLJ_RM1_E,MO202701-QRND87D5,2021-11-22,green,16.5,red,36.0
593,1982,Maschhoff_TPLJ_RM1_E,MO202701-QRND87D5,2021-11-23,green,18.0,yellow,54.0
594,1982,Maschhoff_TPLJ_RM1_E,MO202701-QRND87D5,2021-11-24,yellow,17.5,green,82.0
595,1982,Maschhoff_TPLJ_RM1_E,MO202701-QRND87D5,2021-11-25,green,15.5,green,85.0
596,1982,Maschhoff_TPLJ_RM1_E,MO202701-QRND87D5,2021-11-26,green,16.5,green,92.0
597,1982,Maschhoff_TPLJ_RM1_E,MO202701-QRND87D5,2021-11-27,green,17.0,green,90.0
598,1982,Maschhoff_TPLJ_RM1_E,MO202701-QRND87D5,2021-11-28,yellow,16.0,green,88.0
599,1982,Maschhoff_TPLJ_RM1_E,MO202701-QRND87D5,2021-11-29,green,18.0,green,86.0
600,1982,Maschhoff_TPLJ_RM1_E,MO202701-QRND87D5,2021-11-30,green,17.0,green,92.0
601,1982,Maschhoff_TPLJ_RM1_E,MO202701-QRND87D5,2021-12-01,green,17.5,green,89.0
602,1982,Maschhoff_TPLJ_RM1_E,MO202701-QRND87D5,2021-12-02,green,17.0,green,88.0
603,1982,Maschhoff_TPLJ_RM1_E,MO202701-QRND87D5,2021-12-03,yellow,16.5,green,86.0
604,1982,Maschhoff_TPLJ_RM1_E,MO202701-QRND87D5,2021-12-04,green,16.5,green,88.0
605,1982,Maschhoff_TPLJ_RM1_E,MO202701-QRND87D5,2021-12-05,green,16.5,green,84.0
606,1982,Maschhoff_TPLJ_RM1_E,MO202701-QRND87D5,2021-12-06,green,16.0,green,84.0
607,1982,Maschhoff_TPLJ_RM1_E,MO202701-QRND87D5,2021-12-07,yellow,16.5,green,89.0
608,1982,Maschhoff_TPLJ_RM1_E,MO202701-QRND87D5,2021-12-08,yellow,16.0,green,90.0
609,1982,Maschhoff_TPLJ_RM1_E,MO202701-QRND87D5,2021-12-09,green,16.0,green,89.0
610,1982,Maschhoff_TPLJ_RM1_E,MO202701-QRND87D5,2021-12-10,green,16.5,green,86.0
611,1982,Maschhoff_TPLJ_RM1_E,MO202701-QRND87D5,2021-12-11,green,16.0,green,90.0
612,1982,Maschhoff_TPLJ_RM1_E,MO202701-QRND87D5,2021-12-12,green,16.5,green,89.0
613,1982,Maschhoff_TPLJ_RM1_E,MO202701-QRND87D5,2021-12-13,green,16.5,green,87.0
614,1982,Maschhoff_TPLJ_RM1_E,MO202701-QRND87D5,2021-12-14,green,17.0,green,88.0
615,1982,Maschhoff_TPLJ_RM1_E,MO202701-QRND87D5,2021-12-15,green,19.0,green,86.0
616,1982,Maschhoff_TPLJ_RM1_E,MO202701-QRND87D5,2021-12-16,yellow,16.5,green,87.0
617,1982,Maschhoff_TPLJ_RM1_E,MO202701-QRND87D5,2021-12-17,yellow,16.0,green,80.0
618,1982,Maschhoff_TPLJ_RM1_E,MO202701-QRND87D5,2021-12-18,green,16.0,green,84.0
619,1982,Maschhoff_TPLJ_RM1_E,MO202701-QRND87D5,2021-12-19,green,16.0,green,90.0
620,1982,Maschhoff_TPLJ_RM1_E,MO202701-QRND87D5,2021-12-20,green,15.5,green,93.0
621,1982,Maschhoff_TPLJ_RM1_E,MO202701-QRND87D5,2021-12-21,yellow,16.0,green,92.0
622,1982,Maschhoff_TPLJ_RM1_E,MO202701-QRND87D5,2021-12-22,yellow,16.0,green,90.0
623,1982,Maschhoff_TPLJ_RM1_E,MO202701-QRND87D5,2021-12-23,green,16.0,green,92.0
624,1982,Maschhoff_TPLJ_RM1_E,MO202701-QRND87D5,2021-12-24,green,16.5,green,91.0
625,1982,Maschhoff_TPLJ_RM1_E,MO202701-QRND87D5,2021-12-25,yellow,16.0,green,92.0
626,1982,Maschhoff_TPLJ_RM1_E,MO202701-QRND87D5,2021-12-26,green,16.0,green,92.0
627,1982,Maschhoff_TPLJ_RM1_E,MO202701-QRND87D5,2021-12-27,yellow,16.0,green,93.0
628,1982,Maschhoff_TPLJ_RM1_E,MO202701-QRND87D5,2021-12-28,green,16.0,green,91.0
629,1982,Maschhoff_TPLJ_RM1_E,MO202701-QRND87D5,2021-12-29,yellow,15.5,green,91.0
630,1982,Maschhoff_TPLJ_RM1_E,MO202701-QRND87D5,2021-12-30,yellow,15.5,green,93.0
631,1982,Maschhoff_TPLJ_RM1_E,MO202701-QRND87D5,2021-12-31,yellow,15.5,green,93.0
632,1982,Maschhoff_TPLJ_RM1_E,MO202701-QRND87D5,2022-01-01,green,15.5,green,91.0
633,1982,Maschhoff_TPLJ_RM1_E,MO202701-QRND87D5,2022-01-02,green,16.0,green,93.0
634,1982,Maschhoff_TPLJ_RM1_E,MO202701-QRND87D5,2022-01-03,yellow,16.0,green,88.0
635,1982,Maschhoff_TPLJ_RM1_E,MO202701-QRND87D5,2022-01-04,green,16.0,green,92.0
636,1982,Maschhoff_TPLJ_RM1_E,MO202701-QRND87D5,2022-01-05,green,16.0,green,92.0
637,1982,Maschhoff_TPLJ_RM1_E,MO202701-QRND87D5,2022-01-06,green,16.0,green,91.0
638,1982,Maschhoff_TPLJ_RM1_E,MO202701-QRND87D5,2022-01-07,green,16.0,green,90.0
639,1982,Maschhoff_TPLJ_RM1_E,MO202701-QRND87D5,2022-01-08,yellow,16.0,green,87.0
640,1982,Maschhoff_TPLJ_RM1_E,MO202701-QRND87D5,2022-01-09,yellow,15.5,green,92.0
641,1982,Maschhoff_TPLJ_RM1_E,MO202701-QRND87D5,2022-01-10,green,15.5,green,91.0
642,1982,Maschhoff_TPLJ_RM1_E,MO202701-QRND87D5,2022-01-11,green,16.5,green,91.0
643,1982,Maschhoff_TPLJ_RM1_E,MO202701-QRND87D5,2022-01-12,yellow,16.5,green,91.0
644,1982,Maschhoff_TPLJ_RM1_E,MO202701-QRND87D5,2022-01-13,yellow,16.0,green,92.0
645,1982,Maschhoff_TPLJ_RM1_E,MO202701-QRND87D5,2022-01-14,yellow,16.0,green,92.0
646,1982,Maschhoff_TPLJ_RM1_E,MO202701-QRND87D5,2022-01-15,green,15.5,green,94.0
647,1982,Maschhoff_TPLJ_RM1_E,MO202701-QRND87D5,2022-01-16,red,16.0,green,89.0
648,1982,Maschhoff_TPLJ_RM1_E,MO202701-QRND87D5,2022-01-17,yellow,15.5,green,90.0
649,1982,Maschhoff_TPLJ_RM1_E,MO202701-QRND87D5,2022-01-18,yellow,17.5,green,88.0
650,1982,Maschhoff_TPLJ_RM1_E,MO202701-QRND87D5,2022-01-19,green,17.0,green,93.0
651,1982,Maschhoff_TPLJ_RM1_E,MO202701-QRND87D5,2022-01-20,green,16.5,green,91.0
652,1982,Maschhoff_TPLJ_RM1_E,MO202701-QRND87D5,2022-01-21,green,16.0,green,89.0
653,1982,Maschhoff_TPLJ_RM1_E,MO202701-QRND87D5,2022-01-22,green,17.5,green,90.0
654,1982,Maschhoff_TPLJ_RM1_E,MO202701-QRND87D5,2022-01-23,green,17.0,green,86.0
655,1982,Maschhoff_TPLJ_RM1_E,MO202701-QRND87D5,2022-01-24,green,16.5,green,88.0
656,1982,Maschhoff_TPLJ_RM1_E,MO202701-QRND87D5,2022-01-25,green,16.5,green,85.0
657,1982,Maschhoff_TPLJ_RM1_E,MO202701-QRND87D5,2022-01-26,green,16.5,green,88.0
658,1982,Maschhoff_TPLJ_RM1_E,MO202701-QRND87D5,2022-01-27,green,16.0,green,84.0
659,1982,Maschhoff_TPLJ_RM1_E,MO202701-QRND87D5,2022-01-28,green,15.5,green,83.0
660,1982,Maschhoff_TPLJ_RM1_E,MO202701-QRND87D5,2022-01-29,green,16.0,green,83.0
661,1982,Maschhoff_TPLJ_RM1_E,MO202701-QRND87D5,2022-01-30,green,16.0,green,85.0
662,1982,Maschhoff_TPLJ_RM1_E,MO202701-QRND87D5,2022-01-31,yellow,17.0,green,88.0
663,1982,Maschhoff_TPLJ_RM1_E,MO202701-QRND87D5,2022-02-01,blue,17.0,blue,
664,1982,Maschhoff_TPLJ_RM1_E,MO202701-QRND87D5,2022-02-02,blue,,blue,
665,1982,Maschhoff_TPLJ_RM1_E,MO202701-QRND87D5,2022-02-03,blue,,blue,
666,1982,Maschhoff_TPLJ_RM1_E,MO202701-QRND87D5,2022-02-04,blue,,blue,
667,1982,Maschhoff_TPLJ_RM1_E,MO202701-QRND87D5,2022-02-05,blue,,blue,
668,1982,Maschhoff_TPLJ_RM1_E,MO202701-QRND87D5,2022-02-06,blue,,blue,
669,1982,Maschhoff_TPLJ_RM1_E,MO202701-QRND87D5,2022-02-07,blue,29.0,blue,
670,1982,Maschhoff_TPLJ_RM1_E,MO202701-QRND87D5,2022-02-08,blue,,blue,
671,1982,Maschhoff_TPLJ_RM1_E,MO202701-QRND87D5,2022-02-09,blue,,blue,
672,1982,Maschhoff_TPLJ_RM1_E,MO202701-QRND87D5,2022-02-10,blue,,blue,
673,1982,Maschhoff_TPLJ_RM1_E,MO202701-QRND87D5,2022-02-11,blue,,blue,
674,1982,Maschhoff_TPLJ_RM1_E,MO202701-QRND87D5,2022-02-12,blue,,blue,
675,1982,Maschhoff_TPLJ_RM1_E,MO202701-QRND87D5,2022-02-13,blue,,blue,
676,1982,Maschhoff_TPLJ_RM1_E,MO202701-QRND87D5,2022-02-14,blue,,blue,
677,1982,Maschhoff_TPLJ_RM1_E,MO202701-QRND87D5,2022-02-15,blue,,blue,
678,1982,Maschhoff_TPLJ_RM1_E,MO202701-QRND87D5,2022-02-16,blue,,blue,
679,1982,Maschhoff_TPLJ_RM1_E,MO202701-QRND87D5,2022-02-17,blue,,blue,
680,1982,Maschhoff_TPLJ_RM1_E,MO202701-QRND87D5,2022-02-18,blue,,blue,
681,1982,Maschhoff_TPLJ_RM1_E,MO202701-QRND87D5,2022-02-19,blue,,blue,
682,1982,Maschhoff_TPLJ_RM1_E,MO202701-QRND87D5,2022-02-20,blue,,blue,
683,1982,Maschhoff_TPLJ_RM1_E,MO202701-QRND87D5,2022-02-21,blue,,blue,
684,1982,Maschhoff_TPLJ_RM1_E,MO202701-QRND87D5,2022-02-22,blue,,blue,
685,1982,Maschhoff_TPLJ_RM1_E,MO202701-QRND87D5,2022-02-23,blue,,blue,
686,1982,Maschhoff_TPLJ_RM1_E,MO202701-QRND87D5,2022-02-24,blue,,blue,
687,1982,Maschhoff_TPLJ_RM1_E,MO202701-QRND87D5,2022-02-25,blue,,blue,
688,1982,Maschhoff_TPLJ_RM1_E,MO202701-QRND87D5,2022-02-26,blue,,blue,
689,1982,Maschhoff_TPLJ_RM1_E,MO202701-QRND87D5,2022-02-27,blue,,blue,
690,1982,Maschhoff_TPLJ_RM1_E,MO202701-QRND87D5,2022-02-28,blue,,blue,
691,1982,Maschhoff_TPLJ_RM1_E,MO202701-QRND87D5,2022-03-01,blue,,blue,
692,1982,Maschhoff_TPLJ_RM1_E,MO202701-QRND87D5,2022-03-02,blue,,blue,
693,1982,Maschhoff_TPLJ_RM1_E,MO202701-QRND87D5,2022-03-03,blue,,blue,
694,1982,Maschhoff_TPLJ_RM1_E,MO202701-QRND87D5,2022-03-04,blue,,blue,
695,1982,Maschhoff_TPLJ_RM1_E,MO202701-QRND87D5,2022-03-05,blue,,blue,
696,1982,Maschhoff_TPLJ_RM1_E,MO202701-QRND87D5,2022-03-06,blue,,blue,
697,1982,Maschhoff_TPLJ_RM1_E,MO202701-QRND87D5,2022-03-07,blue,,blue,
698,1982,Maschhoff_TPLJ_RM1_E,MO202701-QRND87D5,2022-03-08,blue,,blue,
699,1982,Maschhoff_TPLJ_RM1_E,MO202701-QRND87D5,2022-03-09,blue,,blue,
700,1982,Maschhoff_TPLJ_RM1_E,MO202701-QRND87D5,2022-03-10,blue,,blue,
701,1982,Maschhoff_TPLJ_RM1_E,MO202701-QRND87D5,2022-03-11,blue,,blue,
702,1982,Maschhoff_TPLJ_RM1_E,MO202701-QRND87D5,2022-03-12,blue,,blue,
703,1982,Maschhoff_TPLJ_RM1_E,MO202701-QRND87D5,2022-03-13,blue,,blue,
704,1982,Maschhoff_TPLJ_RM1_E,MO202701-QRND87D5,2022-03-14,blue,,blue,
705,1982,Maschhoff_TPLJ_RM1_E,MO202701-QRND87D5,2022-03-15,blue,,blue,
706,1982,Maschhoff_TPLJ_RM1_E,MO202701-QRND87D5,2022-03-16,blue,28.0,blue,
707,1982,Maschhoff_TPLJ_RM1_E,MO202701-QRND87D5,2022-03-17,blue,28.0,blue,35.0
708,1982,Maschhoff_TPLJ_RM1_E,MO202701-QRND87D5,2022-03-18,yellow,28.0,red,31.0
709,1982,Maschhoff_TPLJ_RM1_E,MO202701-QRND87D5,2022-03-19,yellow,28.0,red,34.0
710,1982,Maschhoff_TPLJ_RM1_E,MO202701-QRND87D5,2022-03-20,yellow,27.0,red,29.0
711,1982,Maschhoff_TPLJ_RM1_E,MO202701-QRND87D5,2022-03-21,yellow,26.0,red,34.0
712,1982,Maschhoff_TPLJ_RM1_E,MO202701-QRND87D5,2022-03-22,yellow,27.0,red,36.0
713,1982,Maschhoff_TPLJ_RM1_E,MO202701-QRND87D5,2022-03-23,yellow,27.0,red,36.0
714,1982,Maschhoff_TPLJ_RM1_E,MO202701-QRND87D5,2022-03-24,yellow,27.0,red,32.0
715,1982,Maschhoff_TPLJ_RM1_E,MO202701-QRND87D5,2022-03-25,yellow,26.5,red,38.0
716,1982,Maschhoff_TPLJ_RM1_E,MO202701-QRND87D5,2022-03-26,yellow,27.0,red,34.0
717,1982,Maschhoff_TPLJ_RM1_E,MO202701-QRND87D5,2022-03-27,yellow,26.5,red,40.0
718,1982,Maschhoff_TPLJ_RM1_E,MO202701-QRND87D5,2022-03-28,yellow,26.5,red,37.0
719,1982,Maschhoff_TPLJ_RM1_E,MO202701-QRND87D5,2022-03-29,yellow,26.5,red,28.0
720,1982,Maschhoff_TPLJ_RM1_E,MO202701-QRND87D5,2022-03-30,yellow,26.5,red,31.0
721,1982,Maschhoff_TPLJ_RM1_E,MO202701-QRND87D5,2022-03-31,yellow,26.5,red,28.0
722,1982,Maschhoff_TPLJ_RM1_E,MO202701-QRND87D5,2022-04-01,yellow,26.0,red,20.0
723,1982,Maschhoff_TPLJ_RM1_E,MO202701-QRND87D5,2022-04-02,yellow,25.0,red,22.0
724,1982,Maschhoff_TPLJ_RM1_E,MO202701-QRND87D5,2022-04-03,yellow,25.0,red,19.0
725,1982,Maschhoff_TPLJ_RM1_E,MO202701-QRND87D5,2022-04-04,yellow,24.5,red,17.0
726,1982,Maschhoff_TPLJ_RM1_E,MO202701-QRND87D5,2022-04-05,yellow,25.0,red,18.0
727,1982,Maschhoff_TPLJ_RM1_E,MO202701-QRND87D5,2022-04-06,yellow,25.0,red,17.0
728,1982,Maschhoff_TPLJ_RM1_E,MO202701-QRND87D5,2022-04-07,yellow,25.5,red,12.0
729,1982,Maschhoff_TPLJ_RM1_E,MO202701-QRND87D5,2022-04-08,yellow,25.5,red,9.0
730,1982,Maschhoff_TPLJ_RM1_E,MO202701-QRND87D5,2022-04-09,yellow,25.0,red,6.0
731,1982,Maschhoff_TPLJ_RM1_E,MO202701-QRND87D5,2022-04-10,yellow,25.0,red,2.0
732,1982,Maschhoff_TPLJ_RM1_E,MO202701-QRND87D5,2022-04-11,yellow,24.5,red,2.0
733,1982,Maschhoff_TPLJ_RM1_E,MO202701-QRND87D5,2022-04-12,green,24.5,red,7.0
734,1982,Maschhoff_TPLJ_RM1_E,MO202701-QRND87D5,2022-04-13,yellow,25.0,red,2.0
735,1982,Maschhoff_TPLJ_RM1_E,MO202701-QRND87D5,2022-04-14,yellow,25.5,red,7.0
736,1982,Maschhoff_TPLJ_RM1_E,MO202701-QRND87D5,2022-04-15,yellow,24.5,red,8.0
737,1982,Maschhoff_TPLJ_RM1_E,MO202701-QRND87D5,2022-04-16,yellow,24.0,red,8.0
738,1982,Maschhoff_TPLJ_RM1_E,MO202701-QRND87D5,2022-04-17,yellow,25.0,red,8.0
739,1982,Maschhoff_TPLJ_RM1_E,MO202701-QRND87D5,2022-04-18,yellow,24.5,red,10.0
740,1982,Maschhoff_TPLJ_RM1_E,MO202701-QRND87D5,2022-04-19,yellow,24.5,red,10.0
741,1982,Maschhoff_TPLJ_RM1_E,MO202701-QRND87D5,2022-04-20,yellow,23.0,red,6.0
742,1982,Maschhoff_TPLJ_RM1_E,MO202701-QRND87D5,2022-04-21,green,23.0,red,8.0
743,1982,Maschhoff_TPLJ_RM1_E,MO202701-QRND87D5,2022-04-22,green,23.0,red,11.0
744,1982,Maschhoff_TPLJ_RM1_E,MO202701-QRND87D5,2022-04-23,green,23.0,red,17.0
745,1982,Maschhoff_TPLJ_RM1_E,MO202701-QRND87D5,2022-04-24,yellow,21.0,red,8.0
746,1982,Maschhoff_TPLJ_RM1_E,MO202701-QRND87D5,2022-04-25,yellow,22.0,red,12.0
747,1982,Maschhoff_TPLJ_RM1_E,MO202701-QRND87D5,2022-04-26,green,22.5,red,10.0
748,1982,Maschhoff_TPLJ_RM1_E,MO202701-QRND87D5,2022-04-27,green,21.5,red,13.0
749,1982,Maschhoff_TPLJ_RM1_E,MO202701-QRND87D5,2022-04-28,green,22.0,red,21.0
750,1982,Maschhoff_TPLJ_RM1_E,MO202701-QRND87D5,2022-04-29,green,21.0,red,23.0
751,1982,Maschhoff_TPLJ_RM1_E,MO202701-QRND87D5,2022-04-30,green,20.5,red,28.0
752,1982,Maschhoff_TPLJ_RM1_E,MO202701-QRND87D5,2022-05-01,green,20.0,red,29.0
753,1982,Maschhoff_TPLJ_RM1_E,MO202701-QRND87D5,2022-05-02,green,20.0,red,33.0
754,1982,Maschhoff_TPLJ_RM1_E,MO202701-QRND87D5,2022-05-03,green,19.5,red,31.0
755,1982,Maschhoff_TPLJ_RM1_E,MO202701-QRND87D5,2022-05-04,green,19.5,red,28.0
756,1982,Maschhoff_TPLJ_RM1_E,MO202701-QRND87D5,2022-05-05,green,19.5,red,36.0
757,1982,Maschhoff_TPLJ_RM1_E,MO202701-QRND87D5,2022-05-06,green,20.5,red,34.0
758,1982,Maschhoff_TPLJ_RM1_E,MO202701-QRND87D5,2022-05-07,green,21.0,red,31.0
759,1982,Maschhoff_TPLJ_RM1_E,MO202701-QRND87D5,2022-05-08,green,20.0,red,40.0
760,1982,Maschhoff_TPLJ_RM1_E,MO202701-QRND87D5,2022-05-09,red,25.0,yellow,58.0
761,1982,Maschhoff_TPLJ_RM1_E,MO202701-QRND87D5,2022-05-10,green,23.0,yellow,57.0
762,1982,Maschhoff_TPLJ_RM1_E,MO202701-QRND87D5,2022-05-11,yellow,27.0,green,78.0
763,1982,Maschhoff_TPLJ_RM1_E,MO202701-QRND87D5,2022-05-12,red,28.0,green,79.0
764,1982,Maschhoff_TPLJ_RM1_E,MO202701-QRND87D5,2022-05-13,yellow,22.5,green,78.0
765,1982,Maschhoff_TPLJ_RM1_E,MO202701-QRND87D5,2022-05-14,yellow,22.5,green,
766,1982,Maschhoff_TPLJ_RM1_E,MO202701-QRND87D5,2022-05-14,yellow,22.5,green,78.0
767,1982,Maschhoff_TPLJ_RM1_E,MO202701-QRND87D5,2022-05-15,yellow,21.0,green,79.0
768,1982,Maschhoff_TPLJ_RM1_E,MO202701-QRND87D5,2022-05-16,yellow,22.5,green,79.0
769,1982,Maschhoff_TPLJ_RM1_E,MO202701-QRND87D5,2022-05-17,green,20.5,green,76.0
770,1982,Maschhoff_TPLJ_RM1_E,MO202701-QRND87D5,2022-05-18,yellow,22.5,green,81.0
771,1982,Maschhoff_TPLJ_RM1_E,MO202701-QRND87D5,2022-05-19,red,25.0,green,80.0
772,1982,Maschhoff_TPLJ_RM1_E,MO202701-QRND87D5,2022-05-20,green,20.0,green,77.0
773,1982,Maschhoff_TPLJ_RM1_E,MO202701-QRND87D5,2022-05-21,yellow,18.0,green,76.0
774,1982,Maschhoff_TPLJ_RM1_E,MO202701-QRND87D5,2022-05-22,yellow,19.0,green,80.0
775,1982,Maschhoff_TPLJ_RM1_E,MO202701-QRND87D5,2022-05-23,green,18.5,green,86.0
776,1982,Maschhoff_TPLJ_RM1_E,MO202701-QRND87D5,2022-05-24,green,18.0,green,81.0
777,1982,Maschhoff_TPLJ_RM1_E,MO202701-QRND87D5,2022-05-25,green,17.5,green,73.0
778,1982,Maschhoff_TPLJ_RM1_E,MO202701-QRND87D5,2022-05-26,yellow,17.5,green,77.0
779,1982,Maschhoff_TPLJ_RM1_E,MO202701-QRND87D5,2022-05-27,green,20.0,green,81.0
780,1982,Maschhoff_TPLJ_RM1_E,MO202701-QRND87D5,2022-05-28,yellow,24.5,green,84.0
781,1982,Maschhoff_TPLJ_RM1_E,MO202701-QRND87D5,2022-05-29,green,25.0,green,91.0
782,1982,Maschhoff_TPLJ_RM1_E,MO202701-QRND87D5,2022-05-30,yellow,25.0,green,89.0
783,1982,Maschhoff_TPLJ_RM1_E,MO202701-QRND87D5,2022-05-31,green,21.5,green,82.0
784,1982,Maschhoff_TPLJ_RM1_E,MO202701-QRND87D5,2022-06-01,yellow,20.0,green,82.0
785,1982,Maschhoff_TPLJ_RM1_E,MO202701-QRND87D5,2022-06-02,red,20.5,green,84.0
786,1982,Maschhoff_TPLJ_RM1_E,MO202701-QRND87D5,2022-06-03,yellow,21.0,green,77.0
787,1982,Maschhoff_TPLJ_RM1_E,MO202701-QRND87D5,2022-06-04,green,21.0,green,65.0
788,1982,Maschhoff_TPLJ_RM1_E,MO202701-QRND87D5,2022-06-05,green,22.0,yellow,56.0
789,1982,Maschhoff_TPLJ_RM1_E,MO202701-QRND87D5,2022-06-06,green,21.5,yellow,46.0
790,1982,Maschhoff_TPLJ_RM1_E,MO202701-QRND87D5,2022-06-07,green,21.5,red,37.0
791,1982,Maschhoff_TPLJ_RM1_E,MO202701-QRND87D5,2022-06-08,yellow,21.5,red,31.0
792,1982,Maschhoff_TPLJ_RM1_E,MO202701-QRND87D5,2022-06-09,green,20.5,red,31.0
793,1982,Maschhoff_TPLJ_RM1_E,MO202701-QRND87D5,2022-06-10,green,22.0,red,34.0
794,1982,Maschhoff_TPLJ_RM1_E,MO202701-QRND87D5,2022-06-11,yellow,24.0,green,72.0
795,1982,Maschhoff_TPLJ_RM1_E,MO202701-QRND87D5,2022-06-12,yellow,25.5,green,82.0
796,1982,Maschhoff_TPLJ_RM1_E,MO202701-QRND87D5,2022-06-13,yellow,29.5,green,86.0
797,1982,Maschhoff_TPLJ_RM1_E,MO202701-QRND87D5,2022-06-14,yellow,29.5,green,87.0
798,1982,Maschhoff_TPLJ_RM1_E,MO202701-QRND87D5,2022-06-15,green,22.0,green,91.0
799,1982,Maschhoff_TPLJ_RM1_E,MO202701-QRND87D5,2022-06-16,red,25.0,green,84.0
